5 4
3 2 1 5
2 2 5 3
4 1 3
5 1 1

18 14
3 1 18
7 1 2
10 1 7
12 1 18
6 2 3 5
13 2 2 7
4 1 12
15 4 2 3 6 13
9 3 2 7 15
11 3 18 7 4
17 4 6 13 4 9
1 3 10 8 12
16 6 2 7 8 5 4 11
14 3 13 4 1

92 88
12 1 76
3 2 17 12
70 2 76 29
1 3 76 29 89
71 1 3
90 3 76 89 70
39 2 3 70
15 2 17 71
72 1 1
73 4 29 3 71 90
5 2 15 72
9 3 12 15 5
2 5 70 1 72 73 5
14 6 76 12 1 90 72 2
78 4 1 9 2 14
31 4 29 9 14 78
63 6 3 70 90 15 5 78
47 7 17 12 89 15 9 78 31
7 9 17 12 70 1 90 9 14 78 63
69 10 76 17 3 1 71 14 31 63 47 7
42 5 70 1 39 63 7
52 6 17 1 72 9 2 69
57 6 76 17 1 90 31 52
62 6 76 70 1 71 9 31
41 11 70 1 5 2 14 31 7 69 52 57 62
38 8 17 29 39 15 2 42 52 41
10 11 17 12 70 90 9 78 69 42 52 57 41
34 4 90 72 14 47
92 7 29 89 71 15 72 73 63
55 7 90 15 72 9 78 47 41
19 9 17 12 29 3 70 15 9 10 92
18 9 17 29 1 39 78 31 63 7 38
79 4 1 69 62 19
84 7 70 7 42 52 41 10 55
60 8 12 89 90 15 2 62 10 19
27 13 12 3 5 9 2 14 63 47 7 52 34 92 79
40 11 76 17 89 39 72 5 31 63 10 55 19
8 11 76 12 70 1 2 47 69 52 57 34 60
33 8 76 73 7 62 10 79 60 27
22 16 76 29 70 72 73 5 9 2 69 42 38 34 92 19 27 8
65 11 12 1 5 78 47 42 52 27 40 8 33
35 12 89 70 1 71 15 18 84 60 27 8 33 65
46 10 89 3 90 5 78 52 57 34 92 65
56 13 17 15 14 31 63 69 52 10 34 55 18 8 46
83 6 3 70 73 5 78 63
74 14 17 90 15 31 47 52 38 10 92 19 18 60 33 83
77 17 12 29 89 70 1 71 39 15 14 47 42 62 92 18 79 84 35
80 10 3 70 9 63 47 62 41 18 79 8
30 11 76 3 15 7 52 34 55 19 18 27 40
21 9 1 7 41 92 19 18 8 33 77
11 15 29 3 73 31 63 47 62 38 55 79 84 27 74 77 30
58 14 76 12 89 70 71 90 39 9 57 18 60 65 77 80
48 14 3 71 5 47 7 42 57 41 10 92 84 27 33 77
13 14 29 1 71 5 14 42 52 57 55 19 40 56 74 80
85 15 12 42 52 34 19 18 79 60 8 56 83 74 80 11 13
25 15 3 70 73 9 2 7 41 34 92 60 22 35 80 30 13
50 16 71 15 9 14 69 42 52 57 10 34 92 55 84 30 13 25
64 13 3 90 39 9 2 47 7 52 79 84 46 80 85
81 13 12 89 3 1 7 69 62 34 18 79 22 46 48
82 22 17 12 15 72 73 5 14 78 31 42 52 10 92 55 18 79 60 8 35 30 48 85
51 14 76 12 39 78 10 18 79 84 56 83 74 77 13 50
54 16 76 17 89 70 71 39 31 62 34 92 77 80 11 58 13 81
67 20 29 3 15 9 14 78 7 69 52 62 38 79 84 65 83 11 58 81 82 51
32 18 89 39 72 2 14 47 7 69 57 27 40 22 35 74 77 13 81 82
68 18 17 29 70 2 31 63 69 38 10 19 79 46 83 30 13 50 82 32
6 17 76 29 3 78 63 47 7 62 41 55 22 46 80 30 13 50 54
43 14 89 70 72 9 42 57 62 55 79 46 83 21 81 54
20 21 3 39 73 2 78 31 63 7 57 62 34 92 27 8 83 74 58 13 25 67 68
23 18 39 15 72 5 2 14 63 7 57 84 40 8 22 21 82 51 67 68
45 21 76 29 3 31 47 69 42 52 57 62 41 92 79 27 33 65 35 77 21 67 23
66 20 1 72 14 63 47 7 42 57 62 84 40 8 33 77 30 85 50 51 32 45
86 18 76 70 5 78 34 18 84 60 8 46 77 11 13 85 81 67 32 43
53 27 76 17 3 1 39 73 5 2 78 42 41 10 55 35 74 30 11 58 48 81 82 68 6 43 45 66 86
37 14 1 71 39 73 14 47 41 40 8 46 83 74 81 6
59 20 89 3 1 71 39 15 2 7 62 10 92 18 22 74 21 64 51 32 86 53
4 15 70 71 39 14 63 47 57 27 40 30 13 82 54 20 45
24 17 76 73 2 7 69 41 10 79 84 83 80 30 58 48 25 82 51
49 17 5 9 18 13 25 64 81 51 67 32 43 23 45 53 37 59 4
28 27 12 71 39 5 7 42 62 10 55 19 18 8 33 46 77 21 13 81 51 54 32 43 66 53 37 59 24
44 13 76 3 70 19 60 8 35 56 83 48 85 25 51
75 16 17 39 72 2 78 31 10 34 60 27 35 46 11 82 51 86
16 21 14 31 92 18 60 27 30 11 58 48 25 64 54 68 6 43 20 23 53 37 44
36 18 76 29 90 5 47 69 52 18 84 35 46 48 67 6 45 59 24 75
87 29 76 17 1 15 2 78 57 62 10 19 27 40 33 46 74 77 80 58 50 82 67 32 68 6 20 66 37 59 28
91 14 12 72 5 7 57 62 41 34 33 32 20 37 16 87
88 18 12 89 70 1 2 38 34 84 60 33 22 48 82 54 20 45 28 16
26 19 12 1 15 5 47 41 19 18 22 56 74 77 48 81 32 6 86 59 87
61 20 76 17 12 73 63 57 19 18 84 35 13 85 50 51 67 23 59 28 75 91

40 38
22 1 8
37 2 8 22
24 3 8 7 37
17 1 7
14 1 17
38 3 22 37 24
13 1 8
35 2 8 13
4 2 38 35
19 6 37 17 14 38 13 4
2 4 7 24 35 4
32 5 8 22 24 35 4
39 8 8 7 22 37 24 14 38 13
27 3 35 2 32
11 1 17
36 4 37 4 19 2
1 3 38 19 11
16 6 7 22 38 35 2 1
34 3 13 27 36
21 5 35 19 2 11 36
12 7 7 37 13 39 36 1 21
10 4 22 19 32 16
33 8 22 14 19 2 32 11 16 21
40 5 7 22 35 4 1
18 6 37 24 32 39 11 12
29 6 24 4 1 16 34 21
20 6 22 35 2 11 36 21
26 10 8 7 14 38 13 4 19 11 16 33
25 5 7 13 1 29 26
28 6 13 39 12 18 26 25
3 8 8 38 13 39 34 33 40 20
23 7 8 2 11 12 10 29 26
6 10 8 17 35 32 39 16 10 18 26 28
15 9 22 37 14 38 35 2 26 28 6
30 7 37 34 21 18 29 25 15
31 7 8 24 13 32 27 18 20
9 13 8 14 2 32 34 21 33 18 26 25 3 6 31
5 8 24 17 14 4 12 33 15 30

75 71
53 1 27
37 1 53
28 1 61
13 1 37
7 1 2
67 1 61
30 3 27 37 28
44 5 27 53 37 28 7
25 2 27 44
29 3 61 13 17
22 2 37 44
31 2 27 53
48 4 61 37 2 25
55 7 28 13 17 30 25 22 31
33 3 37 13 30
3 5 7 30 25 22 31
62 3 53 30 22
15 5 61 28 22 31 3
5 6 27 61 28 25 48 62
58 8 27 61 53 28 13 44 3 15
56 9 53 37 7 22 48 55 33 62 15
24 5 61 13 7 22 58
46 10 61 53 7 30 25 31 33 3 5 24
6 10 53 37 25 22 48 3 62 5 58 56
71 5 44 62 15 5 6
41 8 53 13 17 30 55 33 56 24
36 11 28 44 29 48 33 62 15 58 56 24 6
40 11 37 28 13 7 67 30 44 29 15 46 6
20 5 17 62 15 58 56
9 6 61 29 3 62 6 71
51 6 7 44 29 22 62 24
1 6 17 25 3 58 36 40
45 7 2 30 44 25 31 24 40
66 10 61 37 31 5 46 71 36 20 9 45
19 8 53 28 2 25 29 56 41 9
47 11 37 28 67 48 62 6 71 41 20 1 66
50 9 61 30 22 48 62 15 46 6 9
73 5 30 44 33 46 40
68 15 61 2 67 30 25 48 3 62 56 41 36 40 9 51 19
35 10 27 28 13 67 30 25 3 15 58 1
59 12 61 28 2 44 25 33 62 56 20 51 1 19
16 12 53 28 67 17 44 6 71 41 40 47 50 59
32 11 30 44 3 62 58 56 71 36 9 1 68
72 11 28 29 22 48 55 15 5 58 56 51 50
63 13 61 2 17 33 62 56 24 46 9 45 19 32 72
49 14 61 2 67 17 15 56 71 9 66 47 50 68 35 72
54 16 27 37 28 2 48 33 3 15 24 46 6 45 35 59 72 49
74 13 7 67 17 30 44 15 36 40 1 19 32 72 49
21 16 53 13 44 25 33 15 24 6 40 9 51 66 50 35 32 54
60 13 27 2 29 22 48 55 33 56 71 41 9 51 72
23 16 27 61 37 28 2 7 33 62 5 56 24 40 9 47 16 63
18 14 27 61 28 17 30 31 48 33 46 6 19 47 16 54
39 14 27 67 44 25 31 55 56 71 20 50 63 49 54 60
52 13 61 2 17 30 31 55 33 3 56 51 50 72 63
34 17 28 13 67 22 33 3 15 46 71 41 36 51 66 68 63 60 52
12 15 28 30 44 3 5 46 6 40 45 73 35 32 23 18 39
69 14 13 7 17 29 58 36 20 19 73 72 74 60 18 39
14 14 61 53 37 25 31 33 9 73 68 59 32 54 74 39
70 16 53 2 44 25 22 3 15 24 6 20 51 1 50 16 54 12
65 9 37 62 40 9 50 73 54 18 69
42 15 37 44 25 56 46 71 41 51 1 45 47 32 21 34 70
43 17 61 53 37 2 7 44 22 31 33 46 51 1 45 19 35 65 42
10 12 28 48 15 24 9 45 47 68 60 23 69 43
4 13 44 25 22 24 40 51 1 74 23 39 34 14 10
57 20 27 37 7 44 22 31 5 9 50 32 49 21 60 23 18 39 34 65 42 43
75 15 67 17 33 62 24 6 41 73 68 32 54 74 69 14 10
8 13 53 28 13 44 62 6 51 1 50 68 54 60 39
26 18 53 37 7 25 29 31 15 58 56 41 47 49 23 34 69 65 57 75
38 20 53 28 44 25 22 48 55 56 71 40 20 1 68 35 60 39 34 42 57 8
11 15 7 25 55 3 58 40 1 47 73 52 12 70 43 4 26
64 15 30 44 25 33 5 56 36 1 32 72 39 34 42 26 38

60 58
1 2 50 45
53 1 1
12 1 1
11 1 12
59 2 12 11
37 2 53 11
13 3 53 12 59
30 2 1 53
8 1 1
15 4 50 37 13 8
43 3 50 53 8
48 4 50 1 53 37
57 4 11 59 30 43
23 3 11 13 57
28 6 1 59 30 43 57 23
6 2 45 28
20 4 53 12 23 28
33 2 1 8
39 4 1 15 57 33
5 4 59 37 33 39
49 6 50 45 8 43 6 5
36 4 30 43 33 5
32 7 1 11 37 15 48 6 39
9 7 30 48 23 39 5 36 32
10 5 45 59 15 39 5
52 5 28 20 39 36 10
41 6 13 30 6 33 5 10
29 10 45 37 30 8 23 28 6 36 10 52
25 9 45 53 12 43 23 28 5 36 32
47 7 53 11 37 30 8 23 28
21 10 50 11 30 8 15 20 33 32 52 47
54 5 48 33 49 32 21
35 9 50 11 37 30 23 28 49 9 25
42 12 1 53 12 48 57 23 28 39 36 32 10 25
44 8 45 12 15 23 28 10 52 47
38 12 50 45 11 37 30 8 43 57 23 6 39 25
24 14 50 53 8 6 20 33 39 36 52 29 25 35 42 44
2 13 45 1 12 11 30 8 28 20 5 52 25 44 24
55 12 50 53 12 11 13 30 33 36 42 44 38 2
58 11 1 8 15 57 33 5 36 9 52 29 44
4 10 37 28 32 9 52 41 29 25 54 38
56 10 59 23 28 36 25 47 21 42 24 58
34 9 11 13 30 8 15 57 28 25 24
18 14 12 59 13 30 28 6 33 32 10 25 44 38 24 56
19 8 12 15 57 28 10 41 21 54
27 17 53 13 15 33 49 32 9 29 47 54 35 42 44 38 24 2 18
31 18 50 45 37 23 28 6 20 33 29 25 47 24 2 58 56 34 18 19
40 13 50 59 8 43 23 49 29 47 2 55 4 56 34
60 11 50 37 13 43 48 49 10 24 4 34 31
22 15 11 59 30 23 10 21 54 42 24 2 55 4 19 27 60
3 13 11 37 15 23 39 49 36 9 47 35 24 27 60
51 8 48 57 5 9 42 38 31 3
46 15 30 48 23 6 36 9 52 21 34 19 27 40 60 3 51
17 14 50 11 37 48 28 20 5 9 52 25 35 34 19 3
7 14 50 59 23 20 39 5 32 41 54 42 24 58 4 60
26 16 50 12 59 15 48 57 28 6 39 9 44 19 27 40 51 7
16 12 1 12 59 30 43 36 10 21 54 58 56 26
14 19 50 45 12 37 30 8 15 43 20 39 5 10 52 29 21 44 18 31 22

85 81
2 1 64
1 1 47
60 2 69 1
55 1 2
25 2 47 69
5 3 64 69 60
29 5 64 2 1 61 55
85 1 1
66 5 2 1 60 55 85
44 1 69
28 7 64 2 1 60 29 66 44
34 3 64 25 85
12 1 60
6 3 2 47 66
73 5 25 5 29 85 34
11 9 69 60 55 29 85 66 28 34 12
81 3 1 66 12
79 3 60 66 34
71 6 69 1 29 12 81 79
65 9 69 61 55 85 28 12 6 81 79
19 8 69 29 34 6 73 11 81 71
80 6 2 47 1 60 66 34
75 7 2 1 60 25 85 12 19
84 7 69 60 25 85 28 81 79
51 6 2 47 1 25 29 84
37 6 1 25 5 81 65 84
56 9 61 55 29 66 81 79 19 80 75
62 7 64 47 85 11 81 79 19
72 9 2 69 85 28 34 81 71 19 75
77 8 1 61 60 5 29 28 79 80
46 7 55 29 12 11 71 75 62
63 6 69 1 29 6 75 62
48 6 1 61 5 66 75 84
15 12 2 1 55 25 5 12 73 71 80 75 51 72
9 10 64 60 34 79 65 80 84 62 46 15
24 14 69 61 60 85 28 12 6 79 65 19 75 84 51 15
14 12 47 69 25 5 34 12 73 11 71 19 51 77
35 9 64 2 25 11 81 71 37 63 15
54 10 47 1 60 55 29 6 11 80 51 56
8 12 64 61 55 29 85 11 71 19 80 62 46 35
23 10 29 66 44 6 81 51 77 15 9 24
27 8 2 61 60 55 85 44 12 62
38 16 47 69 60 25 5 44 12 79 19 51 37 63 48 9 24 14
22 13 60 25 29 85 12 81 79 71 19 37 48 14 54
67 7 2 1 61 25 29 19 15
18 7 64 47 85 79 19 62 22
30 10 64 47 61 66 34 65 84 51 48 9
4 12 47 6 71 19 80 46 48 15 9 24 8 27
36 14 2 61 60 55 5 85 44 79 56 54 38 22 18 30
76 14 2 1 29 28 12 79 75 84 48 15 27 38 22 36
78 19 47 1 61 60 25 28 12 73 11 81 79 62 72 48 14 35 27 30 76
32 8 61 12 6 51 62 8 38 4
58 15 64 47 55 25 44 28 73 37 63 48 24 8 30 36 78
41 19 1 55 25 85 12 79 80 75 84 37 56 72 24 54 38 67 18 36 78
21 15 2 47 60 44 6 72 77 46 15 14 8 30 4 78 58
31 13 61 60 25 79 71 75 62 46 9 14 38 32 21
50 13 2 47 60 34 73 84 51 72 23 38 22 18 58
82 13 2 60 25 28 11 62 63 8 38 22 67 4 76
52 17 12 11 81 19 62 72 77 63 48 24 35 23 27 67 41 21 31
49 12 1 5 12 11 37 72 46 8 30 58 31 50
16 13 69 61 29 28 75 72 15 9 14 54 8 58 21
13 15 69 25 29 28 81 71 80 37 72 63 48 15 36 76 49
43 15 64 69 61 29 66 12 6 73 62 8 18 4 36 78 49
33 19 64 1 61 29 28 79 65 75 84 14 54 8 18 36 41 21 31 49 43
17 15 5 44 34 71 80 75 77 48 24 27 18 36 76 78 31
68 16 47 60 44 81 19 80 35 67 30 58 21 31 52 49 16 17
59 14 47 55 34 84 51 63 15 24 27 31 50 82 52 49
7 18 55 5 66 12 11 71 72 46 24 14 8 22 30 76 78 58 82 49
53 20 2 1 61 5 29 85 44 6 81 19 51 72 9 14 8 67 31 50 33 59
3 19 25 5 6 73 11 80 37 62 63 14 8 22 30 76 50 49 16 17 68
10 20 64 47 60 55 5 19 80 84 51 56 72 77 35 23 36 76 82 13 68 7
70 21 2 69 61 60 44 81 65 84 51 72 77 46 63 18 32 21 31 13 59 53 10
57 15 69 1 60 34 81 84 24 18 32 41 52 49 33 59 3
74 18 5 66 28 34 80 72 63 24 8 38 22 50 52 16 59 53 10 70
20 27 61 55 25 5 85 44 11 79 65 75 37 48 9 24 8 23 22 18 30 4 36 58 31 52 17 68 74
40 22 64 2 61 34 12 79 71 19 56 15 14 54 27 18 36 76 78 52 68 57 74 20
39 18 64 47 44 12 73 11 80 62 72 77 38 4 58 31 50 43 57 40
83 24 64 47 44 34 11 79 75 84 37 72 63 15 8 38 22 67 18 4 36 76 50 7 53 20
45 22 64 2 85 79 71 80 84 37 15 24 54 8 27 18 4 32 41 50 7 53 10 70
42 21 69 61 60 55 25 28 11 65 80 48 9 24 27 22 36 78 50 43 70 74 20
26 21 69 1 60 25 29 80 84 51 62 46 9 14 35 4 32 41 31 52 33 7 39

15 11
5 1 13
8 1 5
14 2 10 8
2 1 14
6 4 13 10 1 2
9 3 13 12 6
15 3 14 12 6
11 3 13 14 9
3 1 14
7 4 14 1 15 11
4 5 13 12 6 15 7

93 88
35 1 81
68 2 19 35
17 1 35
64 1 86
8 1 81
57 2 17 64
20 3 81 86 56
87 2 17 57
48 3 81 68 17
47 4 81 35 65 57
27 2 35 20
84 1 57
39 6 81 19 86 20 87 27
2 3 86 35 39
75 5 35 68 8 57 47
77 4 64 57 20 27
31 5 86 68 57 27 39
3 3 8 48 31
11 5 20 75 77 31 3
52 5 19 35 20 48 27
72 4 19 47 27 31
10 7 19 35 68 57 84 39 11
76 5 35 65 47 39 31
18 4 17 77 52 10
36 7 86 56 65 8 87 47 31
82 7 68 57 84 75 77 3 52
89 6 81 64 47 27 36 82
37 8 81 86 65 20 87 2 76 82
58 14 19 35 68 65 64 8 20 87 39 2 31 72 18 37
85 6 64 87 31 52 18 37
34 10 17 8 20 48 77 11 52 72 37 85
67 9 68 17 64 87 84 3 11 76 18
21 9 64 57 87 27 84 39 77 76 82
25 9 86 35 17 47 27 84 39 3 36
30 9 19 65 8 20 31 18 85 21 25
43 6 19 17 3 10 82 30
71 8 81 19 68 65 8 20 47 31
5 15 35 68 17 8 57 47 84 77 10 76 89 58 67 25 30
40 12 65 64 8 84 2 31 11 10 34 21 30 5
28 5 35 57 47 2 21
9 11 81 19 56 57 48 75 58 85 67 30 40
50 14 19 68 8 27 31 52 76 36 34 25 43 71 5 28
4 17 35 65 8 48 47 27 84 77 3 72 37 34 67 25 30 5 9
13 14 19 17 27 77 31 72 36 58 67 25 30 43 40 50
92 9 81 20 48 27 11 10 36 89 25
59 9 35 8 52 18 37 25 71 9 50
14 14 81 19 27 84 39 75 3 76 18 36 40 50 92 59
16 13 35 64 47 31 11 18 37 58 67 30 5 40 14
53 9 48 75 10 76 89 9 92 59 14
24 13 68 48 47 77 31 72 76 58 25 5 9 4 14
69 13 8 57 87 84 2 77 82 37 21 25 71 5 4
83 11 81 19 48 75 11 10 18 30 5 28 4
22 21 81 56 17 65 8 87 48 39 2 77 31 10 76 34 67 25 71 92 59 53 83
12 13 57 20 27 2 75 11 18 82 37 67 40 50 14
29 16 81 86 65 27 77 76 85 67 21 25 71 9 4 92 16 83
45 12 35 17 57 48 2 77 76 67 71 9 13 92
1 27 81 64 57 48 84 39 75 77 31 3 11 10 37 34 21 30 5 28 9 50 92 59 16 53 69 22 29
60 22 81 19 35 17 65 57 87 48 3 10 76 89 37 58 34 25 30 43 5 28 69 12
55 17 68 56 48 84 11 10 18 82 25 40 28 13 53 24 22 29 1
44 17 57 48 47 31 11 72 10 82 34 71 50 4 16 53 12 45 55
61 13 75 72 18 89 37 30 5 28 13 24 83 1 60
70 8 86 35 68 17 3 34 21 50
62 16 65 8 48 84 2 75 72 36 89 43 5 40 4 53 22 45
26 18 19 86 68 56 57 27 84 77 3 85 67 21 14 69 22 29 45 70
38 17 86 8 57 20 48 84 31 18 89 67 71 9 24 83 22 1 55
6 9 68 64 8 48 58 24 22 29 44
90 16 19 8 57 39 2 11 18 36 34 25 5 92 53 12 55 61
41 17 19 86 17 64 20 48 11 72 82 25 30 43 28 9 59 45 6
49 21 86 68 17 48 47 84 77 72 10 36 82 58 85 34 71 50 13 45 1 26 6
7 22 19 86 56 20 47 27 84 77 3 11 52 72 34 40 4 53 83 22 12 55 61 70
46 19 81 86 8 87 48 39 2 31 76 18 37 40 12 29 1 62 38 6 90
88 19 47 2 77 31 52 76 36 34 21 28 9 13 92 59 53 24 60 38 41
80 22 86 56 17 8 87 27 2 75 52 10 76 18 67 21 25 43 13 92 14 44 61 90
79 17 19 64 8 57 20 39 76 89 58 25 43 5 28 14 53 62 46
42 19 81 35 17 20 27 84 52 10 82 89 34 25 28 9 13 59 55 6 49
23 25 86 56 8 47 27 39 75 72 10 76 82 89 67 25 43 4 14 24 1 55 44 62 26 38 49
32 24 81 19 68 56 8 57 47 77 52 10 18 36 89 34 21 25 9 92 59 53 1 60 41 49
33 18 81 86 56 8 27 39 77 11 52 34 25 5 50 53 69 83 12 45
51 23 35 65 57 87 2 75 77 72 10 36 82 30 71 40 83 22 12 29 70 41 49 42 23
74 17 35 87 27 84 39 77 11 72 36 89 58 34 43 40 16 88 80
93 21 35 68 56 20 48 3 52 82 89 37 58 25 13 53 12 1 61 38 6 41 49
91 23 81 19 35 57 87 47 76 89 71 40 28 9 4 83 22 55 44 80 79 42 23 51 93
73 27 86 17 64 57 20 47 27 39 2 11 72 76 89 58 30 71 40 92 59 69 83 22 45 60 44 38 79
54 33 86 56 17 64 20 47 39 75 31 3 52 10 76 58 21 25 30 43 5 50 59 69 22 45 44 70 6 41 49 7 46 23 51
63 22 35 56 57 20 72 76 18 67 25 40 50 92 24 1 55 44 6 41 42 51 74 93
66 21 35 17 65 8 20 87 84 75 25 50 92 14 16 53 24 22 12 1 70 46 51
15 28 81 17 65 57 87 48 77 10 37 58 40 50 13 14 24 22 12 29 60 62 41 88 80 42 33 51 74 63
78 16 35 64 47 39 75 31 72 36 58 4 53 29 55 46 32 66

10 8
1 4 3 5 6 8
2 6 1 3 5 6 8 9
3 0
5 1 3
6 3 3 5 8
8 2 3 5
9 1 1
10 3 1 2 3

5 5
1 1 3
2 1 1
3 0
4 2 3 5
5 1 3

5 3
1 2 4 5
4 0
5 1 4

7 2
1 0
4 1 1

5 3
1 1 5
2 1 1
5 0

9 3
1 2 6 7
6 0
7 1 6

5 4
1 0
3 2 1 4
4 1 1
5 2 1 4

3 2
1 0
3 1 1

6 5
1 0
2 3 1 3 4
3 2 1 4
4 1 1
5 1 1

10 8
2 1 4
3 3 2 4 7
4 0
5 3 2 3 4
6 5 2 3 4 7 9
7 3 2 4 9
9 2 2 4
10 6 2 3 4 6 7 9

7 4
1 0
3 2 1 4
4 1 1
7 2 1 4

5 4
1 1 2
2 1 5
3 2 2 5
5 0

7 7
1 1 7
2 0
3 3 1 2 7
4 4 1 2 3 5
5 4 1 2 3 6
6 4 1 2 3 7
7 0

7 1
5 0

10 9
1 1 5
2 2 1 5
4 4 1 2 5 6
5 0
6 3 1 2 5
7 2 1 2
8 3 1 2 5
9 5 1 2 5 7 8
10 3 1 2 5

8 1
7 0

3 2
1 0
3 1 1

10 10
1 6 2 4 6 7 8 10
2 4 4 7 8 10
3 2 1 2
4 0
5 2 1 2
6 5 2 4 7 8 10
7 1 8
8 0
9 3 1 2 3
10 2 7 8

5 1
5 0

3 3
1 1 3
2 0
3 0

17 12
2 11 16 3 4 5 7 9 10 11 12 14 15
3 2 16 4
4 3 16 10 14
5 4 16 4 10 14
7 9 16 3 4 5 9 10 11 14 15
9 4 16 3 4 5
10 2 16 14
11 2 16 3
12 10 16 3 4 5 7 9 10 11 14 15
14 0
15 2 16 3
16 1 14

20 15
2 5 3 7 10 11 14
3 2 10 14
4 9 17 2 3 18 20 7 10 11 14
6 13 17 2 3 18 4 20 7 8 10 11 12 13 14
7 3 3 10 14
8 8 17 2 3 18 4 20 7 10
10 0
11 4 3 7 10 14
12 10 17 2 3 18 4 20 7 10 11 14
13 12 17 2 3 18 4 20 7 8 10 11 12 14
14 1 10
16 8 17 2 3 18 4 20 6 7
17 6 2 3 7 10 11 14
18 8 17 2 3 20 7 10 11 14
20 5 17 2 3 7 10

9 4
1 0
2 3 1 5 6
5 1 1
6 1 1

5 4
1 1 2
2 1 4
4 0
5 2 2 4

7 6
1 5 2 3 5 6 7
2 1 3
3 2 6 7
5 4 2 3 6 7
6 1 7
7 0

20 8
1 2 8 15
5 4 1 8 11 13
8 0
11 4 1 8 13 15
13 3 1 8 15
15 1 8
19 7 1 5 20 8 11 13 15
20 6 1 5 8 11 13 15

6 3
1 2 5 6
5 1 6
6 0

18 8
1 1 7
7 0
8 7 1 16 7 9 12 13 14
9 6 1 16 7 12 13 14
12 3 1 7 14
13 4 1 7 12 14
14 2 1 7
16 5 1 7 12 13 14

19 5
4 2 19 6
6 0
7 3 19 4 6
12 4 19 4 6 7
19 1 6

15 9
1 3 2 4 10
2 1 4
4 0
7 4 1 2 4 10
10 2 2 4
11 7 1 2 4 7 10 12 14
12 5 1 2 4 7 10
13 8 1 2 4 7 10 11 12 14
14 6 1 2 4 7 10 12

19 3
2 1 19
9 2 19 2
19 0

23 7
1 4 20 7 9 13
7 0
9 2 20 7
10 5 1 20 7 9 13
13 3 20 7 9
20 1 7
21 6 1 20 7 9 10 13

15 4
1 2 7 9
7 1 9
8 1 1
9 0

15 1
3 0

29 5
4 4 20 23 7 27
7 1 23
20 3 23 7 27
23 0
27 2 23 7

20 6
1 4 19 5 20 15
3 5 1 19 5 20 15
5 2 19 15
15 1 19
19 0
20 1 19

26 10
1 2 16 25
3 9 16 1 20 23 7 25 26 12 13
7 6 16 1 25 26 12 13
12 3 16 25 26
13 4 16 25 26 12
16 1 26
20 7 16 1 7 25 26 12 13
23 8 16 1 20 7 25 26 12 13
25 2 16 26
26 0

16 4
2 1 9
5 2 2 9
9 0
11 3 2 5 9

18 3
2 0
3 1 2
16 2 2 3

10 5
1 2 2 6
2 2 6 9
6 1 9
7 4 1 2 6 9
9 0

22 16
1 13 4 5 6 7 8 11 14 15 17 16 19 21 22
2 12 1 4 5 6 7 8 11 14 15 17 16 19
3 13 1 2 4 5 6 7 8 11 14 15 17 16 19
4 3 19 21 5
5 5 19 21 7 8 11
6 10 16 19 21 4 5 7 22 8 11 14
7 2 19 21
8 4 19 21 7 11
11 3 19 21 7
14 8 16 19 21 4 5 7 22 8
15 7 17 16 19 21 4 5 6
16 7 19 21 4 5 7 8 11
17 2 16 19
19 1 21
21 0
22 4 16 19 21 4

36 26
1 10 17 2 4 21 5 36 26 29 13 30
2 0
4 3 17 2 5
5 1 2
8 17 34 35 1 2 4 5 36 12 13 15 17 19 21 25 27 26 29
9 13 34 1 35 2 4 5 36 8 10 12 13 15 17
10 22 34 35 1 2 4 5 36 8 12 13 15 17 19 18 21 22 25 27 26 29 28 30
12 12 17 1 2 4 21 5 36 26 29 13 30 15
13 8 17 2 4 21 5 36 26 29
15 11 17 1 2 4 21 5 36 26 29 13 30
17 2 2 5
18 21 34 35 1 2 4 5 36 8 12 13 15 17 19 21 22 25 27 26 29 28 30
19 16 34 1 2 4 5 36 12 13 15 17 21 25 27 26 29 30
20 13 34 1 35 2 4 5 36 8 10 12 13 15 17
21 7 17 2 4 5 36 26 29
22 5 34 35 1 2 4
23 24 34 1 35 2 4 5 36 8 10 12 13 15 17 19 18 21 20 22 25 27 26 29 28 30
25 15 34 1 2 4 5 36 12 13 15 17 21 27 26 29 30
26 4 17 2 4 5
27 11 17 34 1 2 4 21 5 36 26 29 12
28 19 34 35 1 2 4 5 36 8 12 13 15 17 19 21 25 27 26 29 30
29 5 17 2 4 5 26
30 9 17 2 4 21 5 36 26 29 13
34 13 17 1 2 4 21 5 36 26 29 12 13 30 15
35 17 34 1 2 4 5 36 12 13 15 17 19 21 25 27 26 29 30
36 6 17 2 4 5 26 29

26 3
4 1 7
7 0
17 2 4 7

29 14
3 0
4 1 3
6 6 3 4 23 25 24 27
13 7 3 4 23 6 25 24 27
15 10 16 3 4 23 6 25 24 27 29 13
16 7 3 4 23 6 25 24 27
18 8 16 3 4 20 23 6 25 24
20 11 16 3 4 23 6 25 24 27 29 13 15
23 2 3 4
24 5 3 4 23 25 27
25 4 3 4 23 27
26 13 3 4 6 13 15 16 18 20 23 25 24 27 29
27 3 3 4 23
29 8 3 4 23 6 25 24 27 13

21 20
1 1 7
2 7 1 19 3 18 6 7 15
3 2 1 7
4 8 1 19 2 3 18 6 7 15
5 3 1 19 2
6 6 1 19 3 18 7 15
7 0
9 10 1 19 2 3 18 4 5 6 7 15
10 5 1 2 3 4 5
11 7 1 2 3 4 5 6 7
12 8 1 2 3 4 5 6 7 9
13 4 1 19 2 3
14 9 1 2 3 4 5 6 7 9 13
15 2 1 19
16 1 1
17 9 1 16 19 2 3 18 4 5 6
18 5 1 19 3 7 15
19 3 1 3 7
20 6 1 2 3 4 5 6
21 15 1 2 3 4 5 6 7 9 10 13 14 15 17 16 19

26 8
4 4 17 16 19 22
6 7 17 16 19 4 22 8 12
8 6 17 16 19 4 22 12
12 5 17 16 19 4 22
16 1 22
17 3 16 19 22
19 2 16 22
22 0

40 7
12 5 34 37 29 13 15
13 1 29
15 3 34 29 13
20 6 34 37 29 12 13 15
29 0
34 2 29 13
37 4 34 29 13 15

40 1
18 0

38 31
2 5 16 19 23 6 11
3 15 34 2 38 4 5 6 7 9 10 11 17 16 19 20 23
4 15 34 2 5 6 9 10 11 17 16 19 23 22 25 24 29
5 7 16 19 2 23 6 10 11
6 4 16 19 23 11
7 16 34 2 4 5 6 9 10 11 17 16 19 23 22 25 24 29
8 12 34 2 3 38 4 5 6 7 9 10 11 17
9 10 34 16 19 2 5 23 6 10 11 29
10 6 16 19 2 23 6 11
11 1 23
12 13 34 2 3 38 4 5 6 37 7 8 9 10 11
16 2 23 11
17 14 34 2 5 6 9 10 11 16 19 23 22 25 24 29
18 20 34 2 3 38 4 5 6 7 9 10 11 17 16 19 20 23 22 25 24 29
19 3 16 23 11
20 18 34 2 38 4 5 6 7 9 10 11 17 16 19 23 22 25 24 29
21 9 34 2 3 38 4 5 6 7 8
22 11 34 16 19 2 5 23 6 9 10 11 29
23 0
24 2 34 2
25 3 34 16 19
26 23 34 2 3 38 4 5 6 7 8 9 10 11 17 16 19 18 21 20 23 22 25 24 29
28 21 34 2 3 4 38 5 6 36 37 7 8 9 10 11 12 17 16 19 18 21 20
29 9 34 16 19 2 5 23 6 10 11
30 18 34 2 3 38 4 5 6 36 37 7 8 9 10 11 12 17 16 19
33 29 2 3 4 5 6 7 8 9 10 11 12 17 16 19 18 21 20 23 22 25 24 26 29 28 30 34 35 38 36
34 8 16 19 2 5 23 6 10 11
35 23 2 3 4 5 6 7 8 9 10 11 12 17 16 19 18 21 20 23 22 25 24 26 29
36 2 34 2
37 13 34 2 3 38 4 5 6 7 8 9 10 11 17
38 17 34 2 4 5 6 7 9 10 11 17 16 19 23 22 25 24 29

38 36
1 16 35 32 2 33 5 6 8 13 14 16 19 22 25 29 31 30
2 13 35 32 33 5 6 8 13 16 19 22 25 29 30
3 15 1 2 4 5 6 7 8 9 13 14 17 16 19 18 21
4 23 34 35 1 32 2 33 5 6 37 7 8 13 14 17 16 19 18 21 22 25 29 31 30
5 7 35 16 32 22 25 8 29
6 8 35 16 32 5 22 25 8 29
7 18 35 1 32 2 33 5 6 8 13 14 17 16 19 22 25 29 31 30
8 6 35 16 32 22 25 29
9 28 1 2 4 5 6 7 8 13 14 17 16 19 18 21 20 22 25 24 27 29 28 31 30 34 35 32 33 37
10 6 1 2 3 4 5 6
11 5 1 2 3 4 5
13 1 35
14 13 35 2 32 33 5 6 8 13 16 19 22 25 29
15 31 1 2 3 4 5 6 7 8 9 13 14 17 16 19 18 21 20 22 25 24 27 29 28 31 30 34 35 32 33 36 37
16 5 35 32 22 25 29
17 17 35 1 32 2 33 5 6 8 13 14 16 19 22 25 29 31 30
18 20 34 35 1 32 2 33 5 6 7 8 13 14 17 16 19 22 25 29 31 30
19 10 35 16 32 5 6 22 25 8 29 13
20 18 1 2 4 5 6 7 8 13 14 17 16 19 18 21 22 25 24 27
21 12 34 35 1 32 2 33 5 6 7 8 13 14
22 2 35 25
24 25 34 35 1 32 2 33 4 5 6 37 7 8 13 14 17 16 19 18 21 22 25 29 28 31 30
25 0
26 26 1 2 3 4 5 6 7 8 9 10 11 13 14 15 17 16 19 18 21 20 22 25 24 27 29 28
27 17 1 2 4 5 6 7 8 13 14 17 16 19 18 21 22 25 24
28 19 34 35 1 32 2 33 4 5 6 37 7 8 13 14 17 16 19 18 21
29 4 35 32 22 25
30 11 35 16 32 19 5 6 22 25 8 29 13
31 14 35 2 32 33 5 6 8 13 16 19 22 25 29 30
32 3 35 22 25
33 9 35 16 32 19 5 6 22 25 8
34 19 35 1 32 2 33 5 6 7 8 13 14 17 16 19 22 25 29 31 30
35 1 25
36 24 1 2 3 4 5 6 7 8 9 13 14 17 16 19 18 21 20 22 25 24 27 29 28 31
37 4 34 35 1 32
38 30 1 2 3 4 5 6 7 8 9 13 14 15 17 16 19 18 21 20 22 25 24 27 29 28 31 30 34 35 32 33

55 54
2 1 1
3 1 2
4 1 3
5 1 4
6 1 5
7 1 6
8 1 7
9 1 8
10 1 9
11 1 10
12 1 11
13 1 12
14 1 13
15 1 14
16 1 15
17 1 16
18 1 17
19 1 18
20 1 19
21 1 20
22 1 21
23 1 22
24 1 23
25 1 24
26 1 25
27 1 26
28 1 27
29 1 28
30 1 29
31 1 30
32 1 31
33 1 32
34 1 33
35 1 34
36 1 35
37 1 36
38 1 37
39 1 38
40 1 39
41 1 40
42 1 41
43 1 42
44 1 43
45 1 44
46 1 45
47 1 46
48 1 47
49 1 48
50 1 49
51 1 50
52 1 51
53 1 52
54 1 53
55 1 54

43 42
2 1 1
3 1 2
4 1 3
5 1 4
6 1 5
7 1 6
8 1 7
9 1 8
10 1 9
11 1 10
12 1 11
13 1 12
14 1 13
15 1 14
16 1 15
17 1 16
18 1 17
19 1 18
20 1 19
21 1 20
22 1 21
23 1 22
24 1 23
25 1 24
26 1 25
27 1 26
28 1 27
29 1 28
30 1 29
31 1 30
32 1 31
33 1 32
34 1 33
35 1 34
36 1 35
37 1 36
38 1 37
39 1 38
40 1 39
41 1 40
42 1 41
43 1 42

18 17
2 1 1
3 1 2
4 1 3
5 1 4
6 1 5
7 1 6
8 1 7
9 1 8
10 1 9
11 1 10
12 1 11
13 1 12
14 1 13
15 1 14
16 1 15
17 1 16
18 1 17

29 28
2 1 1
3 1 2
4 1 3
5 1 4
6 1 5
7 1 6
8 1 7
9 1 8
10 1 9
11 1 10
12 1 11
13 1 12
14 1 13
15 1 14
16 1 15
17 1 16
18 1 17
19 1 18
20 1 19
21 1 20
22 1 21
23 1 22
24 1 23
25 1 24
26 1 25
27 1 26
28 1 27
29 1 28

18 17
2 1 1
3 1 2
4 1 3
5 1 4
6 1 5
7 1 6
8 1 7
9 1 8
10 1 9
11 1 10
12 1 11
13 1 12
14 1 13
15 1 14
16 1 15
17 1 16
18 1 17

55 54
2 1 1 
3 2 1 2 
4 3 1 2 3 
5 4 1 2 3 4 
6 5 1 2 3 4 5 
7 6 1 2 3 4 5 6 
8 7 1 2 3 4 5 6 7 
9 8 1 2 3 4 5 6 7 8 
10 9 1 2 3 4 5 6 7 8 9 
11 10 1 2 3 4 5 6 7 8 9 10 
12 11 1 2 3 4 5 6 7 8 9 10 11 
13 12 1 2 3 4 5 6 7 8 9 10 11 12 
14 13 1 2 3 4 5 6 7 8 9 10 11 12 13 
15 14 1 2 3 4 5 6 7 8 9 10 11 12 13 14 
16 15 1 2 3 4 5 6 7 8 9 10 11 12 13 14 15 
17 16 1 2 3 4 5 6 7 8 9 10 11 12 13 14 15 16 
18 17 1 2 3 4 5 6 7 8 9 10 11 12 13 14 15 16 17 
19 18 1 2 3 4 5 6 7 8 9 10 11 12 13 14 15 16 17 18 
20 19 1 2 3 4 5 6 7 8 9 10 11 12 13 14 15 16 17 18 19 
21 20 1 2 3 4 5 6 7 8 9 10 11 12 13 14 15 16 17 18 19 20 
22 21 1 2 3 4 5 6 7 8 9 10 11 12 13 14 15 16 17 18 19 20 21 
23 22 1 2 3 4 5 6 7 8 9 10 11 12 13 14 15 16 17 18 19 20 21 22 
24 23 1 2 3 4 5 6 7 8 9 10 11 12 13 14 15 16 17 18 19 20 21 22 23 
25 24 1 2 3 4 5 6 7 8 9 10 11 12 13 14 15 16 17 18 19 20 21 22 23 24 
26 25 1 2 3 4 5 6 7 8 9 10 11 12 13 14 15 16 17 18 19 20 21 22 23 24 25 
27 26 1 2 3 4 5 6 7 8 9 10 11 12 13 14 15 16 17 18 19 20 21 22 23 24 25 26 
28 27 1 2 3 4 5 6 7 8 9 10 11 12 13 14 15 16 17 18 19 20 21 22 23 24 25 26 27 
29 28 1 2 3 4 5 6 7 8 9 10 11 12 13 14 15 16 17 18 19 20 21 22 23 24 25 26 27 28 
30 29 1 2 3 4 5 6 7 8 9 10 11 12 13 14 15 16 17 18 19 20 21 22 23 24 25 26 27 28 29 
31 30 1 2 3 4 5 6 7 8 9 10 11 12 13 14 15 16 17 18 19 20 21 22 23 24 25 26 27 28 29 30 
32 31 1 2 3 4 5 6 7 8 9 10 11 12 13 14 15 16 17 18 19 20 21 22 23 24 25 26 27 28 29 30 31 
33 32 1 2 3 4 5 6 7 8 9 10 11 12 13 14 15 16 17 18 19 20 21 22 23 24 25 26 27 28 29 30 31 32 
34 33 1 2 3 4 5 6 7 8 9 10 11 12 13 14 15 16 17 18 19 20 21 22 23 24 25 26 27 28 29 30 31 32 33 
35 34 1 2 3 4 5 6 7 8 9 10 11 12 13 14 15 16 17 18 19 20 21 22 23 24 25 26 27 28 29 30 31 32 33 34 
36 35 1 2 3 4 5 6 7 8 9 10 11 12 13 14 15 16 17 18 19 20 21 22 23 24 25 26 27 28 29 30 31 32 33 34 35 
37 36 1 2 3 4 5 6 7 8 9 10 11 12 13 14 15 16 17 18 19 20 21 22 23 24 25 26 27 28 29 30 31 32 33 34 35 36 
38 37 1 2 3 4 5 6 7 8 9 10 11 12 13 14 15 16 17 18 19 20 21 22 23 24 25 26 27 28 29 30 31 32 33 34 35 36 37 
39 38 1 2 3 4 5 6 7 8 9 10 11 12 13 14 15 16 17 18 19 20 21 22 23 24 25 26 27 28 29 30 31 32 33 34 35 36 37 38 
40 39 1 2 3 4 5 6 7 8 9 10 11 12 13 14 15 16 17 18 19 20 21 22 23 24 25 26 27 28 29 30 31 32 33 34 35 36 37 38 39 
41 40 1 2 3 4 5 6 7 8 9 10 11 12 13 14 15 16 17 18 19 20 21 22 23 24 25 26 27 28 29 30 31 32 33 34 35 36 37 38 39 40 
42 41 1 2 3 4 5 6 7 8 9 10 11 12 13 14 15 16 17 18 19 20 21 22 23 24 25 26 27 28 29 30 31 32 33 34 35 36 37 38 39 40 41 
43 42 1 2 3 4 5 6 7 8 9 10 11 12 13 14 15 16 17 18 19 20 21 22 23 24 25 26 27 28 29 30 31 32 33 34 35 36 37 38 39 40 41 42 
44 43 1 2 3 4 5 6 7 8 9 10 11 12 13 14 15 16 17 18 19 20 21 22 23 24 25 26 27 28 29 30 31 32 33 34 35 36 37 38 39 40 41 42 43 
45 44 1 2 3 4 5 6 7 8 9 10 11 12 13 14 15 16 17 18 19 20 21 22 23 24 25 26 27 28 29 30 31 32 33 34 35 36 37 38 39 40 41 42 43 44 
46 45 1 2 3 4 5 6 7 8 9 10 11 12 13 14 15 16 17 18 19 20 21 22 23 24 25 26 27 28 29 30 31 32 33 34 35 36 37 38 39 40 41 42 43 44 45 
47 46 1 2 3 4 5 6 7 8 9 10 11 12 13 14 15 16 17 18 19 20 21 22 23 24 25 26 27 28 29 30 31 32 33 34 35 36 37 38 39 40 41 42 43 44 45 46 
48 47 1 2 3 4 5 6 7 8 9 10 11 12 13 14 15 16 17 18 19 20 21 22 23 24 25 26 27 28 29 30 31 32 33 34 35 36 37 38 39 40 41 42 43 44 45 46 47 
49 48 1 2 3 4 5 6 7 8 9 10 11 12 13 14 15 16 17 18 19 20 21 22 23 24 25 26 27 28 29 30 31 32 33 34 35 36 37 38 39 40 41 42 43 44 45 46 47 48 
50 49 1 2 3 4 5 6 7 8 9 10 11 12 13 14 15 16 17 18 19 20 21 22 23 24 25 26 27 28 29 30 31 32 33 34 35 36 37 38 39 40 41 42 43 44 45 46 47 48 49 
51 50 1 2 3 4 5 6 7 8 9 10 11 12 13 14 15 16 17 18 19 20 21 22 23 24 25 26 27 28 29 30 31 32 33 34 35 36 37 38 39 40 41 42 43 44 45 46 47 48 49 50 
52 51 1 2 3 4 5 6 7 8 9 10 11 12 13 14 15 16 17 18 19 20 21 22 23 24 25 26 27 28 29 30 31 32 33 34 35 36 37 38 39 40 41 42 43 44 45 46 47 48 49 50 51 
53 52 1 2 3 4 5 6 7 8 9 10 11 12 13 14 15 16 17 18 19 20 21 22 23 24 25 26 27 28 29 30 31 32 33 34 35 36 37 38 39 40 41 42 43 44 45 46 47 48 49 50 51 52 
54 53 1 2 3 4 5 6 7 8 9 10 11 12 13 14 15 16 17 18 19 20 21 22 23 24 25 26 27 28 29 30 31 32 33 34 35 36 37 38 39 40 41 42 43 44 45 46 47 48 49 50 51 52 53 
55 54 1 2 3 4 5 6 7 8 9 10 11 12 13 14 15 16 17 18 19 20 21 22 23 24 25 26 27 28 29 30 31 32 33 34 35 36 37 38 39 40 41 42 43 44 45 46 47 48 49 50 51 52 53 54 

85 84
2 1 1 
3 2 1 2 
4 3 1 2 3 
5 4 1 2 3 4 
6 5 1 2 3 4 5 
7 6 1 2 3 4 5 6 
8 7 1 2 3 4 5 6 7 
9 8 1 2 3 4 5 6 7 8 
10 9 1 2 3 4 5 6 7 8 9 
11 10 1 2 3 4 5 6 7 8 9 10 
12 11 1 2 3 4 5 6 7 8 9 10 11 
13 12 1 2 3 4 5 6 7 8 9 10 11 12 
14 13 1 2 3 4 5 6 7 8 9 10 11 12 13 
15 14 1 2 3 4 5 6 7 8 9 10 11 12 13 14 
16 15 1 2 3 4 5 6 7 8 9 10 11 12 13 14 15 
17 16 1 2 3 4 5 6 7 8 9 10 11 12 13 14 15 16 
18 17 1 2 3 4 5 6 7 8 9 10 11 12 13 14 15 16 17 
19 18 1 2 3 4 5 6 7 8 9 10 11 12 13 14 15 16 17 18 
20 19 1 2 3 4 5 6 7 8 9 10 11 12 13 14 15 16 17 18 19 
21 20 1 2 3 4 5 6 7 8 9 10 11 12 13 14 15 16 17 18 19 20 
22 21 1 2 3 4 5 6 7 8 9 10 11 12 13 14 15 16 17 18 19 20 21 
23 22 1 2 3 4 5 6 7 8 9 10 11 12 13 14 15 16 17 18 19 20 21 22 
24 23 1 2 3 4 5 6 7 8 9 10 11 12 13 14 15 16 17 18 19 20 21 22 23 
25 24 1 2 3 4 5 6 7 8 9 10 11 12 13 14 15 16 17 18 19 20 21 22 23 24 
26 25 1 2 3 4 5 6 7 8 9 10 11 12 13 14 15 16 17 18 19 20 21 22 23 24 25 
27 26 1 2 3 4 5 6 7 8 9 10 11 12 13 14 15 16 17 18 19 20 21 22 23 24 25 26 
28 27 1 2 3 4 5 6 7 8 9 10 11 12 13 14 15 16 17 18 19 20 21 22 23 24 25 26 27 
29 28 1 2 3 4 5 6 7 8 9 10 11 12 13 14 15 16 17 18 19 20 21 22 23 24 25 26 27 28 
30 29 1 2 3 4 5 6 7 8 9 10 11 12 13 14 15 16 17 18 19 20 21 22 23 24 25 26 27 28 29 
31 30 1 2 3 4 5 6 7 8 9 10 11 12 13 14 15 16 17 18 19 20 21 22 23 24 25 26 27 28 29 30 
32 31 1 2 3 4 5 6 7 8 9 10 11 12 13 14 15 16 17 18 19 20 21 22 23 24 25 26 27 28 29 30 31 
33 32 1 2 3 4 5 6 7 8 9 10 11 12 13 14 15 16 17 18 19 20 21 22 23 24 25 26 27 28 29 30 31 32 
34 33 1 2 3 4 5 6 7 8 9 10 11 12 13 14 15 16 17 18 19 20 21 22 23 24 25 26 27 28 29 30 31 32 33 
35 34 1 2 3 4 5 6 7 8 9 10 11 12 13 14 15 16 17 18 19 20 21 22 23 24 25 26 27 28 29 30 31 32 33 34 
36 35 1 2 3 4 5 6 7 8 9 10 11 12 13 14 15 16 17 18 19 20 21 22 23 24 25 26 27 28 29 30 31 32 33 34 35 
37 36 1 2 3 4 5 6 7 8 9 10 11 12 13 14 15 16 17 18 19 20 21 22 23 24 25 26 27 28 29 30 31 32 33 34 35 36 
38 37 1 2 3 4 5 6 7 8 9 10 11 12 13 14 15 16 17 18 19 20 21 22 23 24 25 26 27 28 29 30 31 32 33 34 35 36 37 
39 38 1 2 3 4 5 6 7 8 9 10 11 12 13 14 15 16 17 18 19 20 21 22 23 24 25 26 27 28 29 30 31 32 33 34 35 36 37 38 
40 39 1 2 3 4 5 6 7 8 9 10 11 12 13 14 15 16 17 18 19 20 21 22 23 24 25 26 27 28 29 30 31 32 33 34 35 36 37 38 39 
41 40 1 2 3 4 5 6 7 8 9 10 11 12 13 14 15 16 17 18 19 20 21 22 23 24 25 26 27 28 29 30 31 32 33 34 35 36 37 38 39 40 
42 41 1 2 3 4 5 6 7 8 9 10 11 12 13 14 15 16 17 18 19 20 21 22 23 24 25 26 27 28 29 30 31 32 33 34 35 36 37 38 39 40 41 
43 42 1 2 3 4 5 6 7 8 9 10 11 12 13 14 15 16 17 18 19 20 21 22 23 24 25 26 27 28 29 30 31 32 33 34 35 36 37 38 39 40 41 42 
44 43 1 2 3 4 5 6 7 8 9 10 11 12 13 14 15 16 17 18 19 20 21 22 23 24 25 26 27 28 29 30 31 32 33 34 35 36 37 38 39 40 41 42 43 
45 44 1 2 3 4 5 6 7 8 9 10 11 12 13 14 15 16 17 18 19 20 21 22 23 24 25 26 27 28 29 30 31 32 33 34 35 36 37 38 39 40 41 42 43 44 
46 45 1 2 3 4 5 6 7 8 9 10 11 12 13 14 15 16 17 18 19 20 21 22 23 24 25 26 27 28 29 30 31 32 33 34 35 36 37 38 39 40 41 42 43 44 45 
47 46 1 2 3 4 5 6 7 8 9 10 11 12 13 14 15 16 17 18 19 20 21 22 23 24 25 26 27 28 29 30 31 32 33 34 35 36 37 38 39 40 41 42 43 44 45 46 
48 47 1 2 3 4 5 6 7 8 9 10 11 12 13 14 15 16 17 18 19 20 21 22 23 24 25 26 27 28 29 30 31 32 33 34 35 36 37 38 39 40 41 42 43 44 45 46 47 
49 48 1 2 3 4 5 6 7 8 9 10 11 12 13 14 15 16 17 18 19 20 21 22 23 24 25 26 27 28 29 30 31 32 33 34 35 36 37 38 39 40 41 42 43 44 45 46 47 48 
50 49 1 2 3 4 5 6 7 8 9 10 11 12 13 14 15 16 17 18 19 20 21 22 23 24 25 26 27 28 29 30 31 32 33 34 35 36 37 38 39 40 41 42 43 44 45 46 47 48 49 
51 50 1 2 3 4 5 6 7 8 9 10 11 12 13 14 15 16 17 18 19 20 21 22 23 24 25 26 27 28 29 30 31 32 33 34 35 36 37 38 39 40 41 42 43 44 45 46 47 48 49 50 
52 51 1 2 3 4 5 6 7 8 9 10 11 12 13 14 15 16 17 18 19 20 21 22 23 24 25 26 27 28 29 30 31 32 33 34 35 36 37 38 39 40 41 42 43 44 45 46 47 48 49 50 51 
53 52 1 2 3 4 5 6 7 8 9 10 11 12 13 14 15 16 17 18 19 20 21 22 23 24 25 26 27 28 29 30 31 32 33 34 35 36 37 38 39 40 41 42 43 44 45 46 47 48 49 50 51 52 
54 53 1 2 3 4 5 6 7 8 9 10 11 12 13 14 15 16 17 18 19 20 21 22 23 24 25 26 27 28 29 30 31 32 33 34 35 36 37 38 39 40 41 42 43 44 45 46 47 48 49 50 51 52 53 
55 54 1 2 3 4 5 6 7 8 9 10 11 12 13 14 15 16 17 18 19 20 21 22 23 24 25 26 27 28 29 30 31 32 33 34 35 36 37 38 39 40 41 42 43 44 45 46 47 48 49 50 51 52 53 54 
56 55 1 2 3 4 5 6 7 8 9 10 11 12 13 14 15 16 17 18 19 20 21 22 23 24 25 26 27 28 29 30 31 32 33 34 35 36 37 38 39 40 41 42 43 44 45 46 47 48 49 50 51 52 53 54 55 
57 56 1 2 3 4 5 6 7 8 9 10 11 12 13 14 15 16 17 18 19 20 21 22 23 24 25 26 27 28 29 30 31 32 33 34 35 36 37 38 39 40 41 42 43 44 45 46 47 48 49 50 51 52 53 54 55 56 
58 57 1 2 3 4 5 6 7 8 9 10 11 12 13 14 15 16 17 18 19 20 21 22 23 24 25 26 27 28 29 30 31 32 33 34 35 36 37 38 39 40 41 42 43 44 45 46 47 48 49 50 51 52 53 54 55 56 57 
59 58 1 2 3 4 5 6 7 8 9 10 11 12 13 14 15 16 17 18 19 20 21 22 23 24 25 26 27 28 29 30 31 32 33 34 35 36 37 38 39 40 41 42 43 44 45 46 47 48 49 50 51 52 53 54 55 56 57 58 
60 59 1 2 3 4 5 6 7 8 9 10 11 12 13 14 15 16 17 18 19 20 21 22 23 24 25 26 27 28 29 30 31 32 33 34 35 36 37 38 39 40 41 42 43 44 45 46 47 48 49 50 51 52 53 54 55 56 57 58 59 
61 60 1 2 3 4 5 6 7 8 9 10 11 12 13 14 15 16 17 18 19 20 21 22 23 24 25 26 27 28 29 30 31 32 33 34 35 36 37 38 39 40 41 42 43 44 45 46 47 48 49 50 51 52 53 54 55 56 57 58 59 60 
62 61 1 2 3 4 5 6 7 8 9 10 11 12 13 14 15 16 17 18 19 20 21 22 23 24 25 26 27 28 29 30 31 32 33 34 35 36 37 38 39 40 41 42 43 44 45 46 47 48 49 50 51 52 53 54 55 56 57 58 59 60 61 
63 62 1 2 3 4 5 6 7 8 9 10 11 12 13 14 15 16 17 18 19 20 21 22 23 24 25 26 27 28 29 30 31 32 33 34 35 36 37 38 39 40 41 42 43 44 45 46 47 48 49 50 51 52 53 54 55 56 57 58 59 60 61 62 
64 63 1 2 3 4 5 6 7 8 9 10 11 12 13 14 15 16 17 18 19 20 21 22 23 24 25 26 27 28 29 30 31 32 33 34 35 36 37 38 39 40 41 42 43 44 45 46 47 48 49 50 51 52 53 54 55 56 57 58 59 60 61 62 63 
65 64 1 2 3 4 5 6 7 8 9 10 11 12 13 14 15 16 17 18 19 20 21 22 23 24 25 26 27 28 29 30 31 32 33 34 35 36 37 38 39 40 41 42 43 44 45 46 47 48 49 50 51 52 53 54 55 56 57 58 59 60 61 62 63 64 
66 65 1 2 3 4 5 6 7 8 9 10 11 12 13 14 15 16 17 18 19 20 21 22 23 24 25 26 27 28 29 30 31 32 33 34 35 36 37 38 39 40 41 42 43 44 45 46 47 48 49 50 51 52 53 54 55 56 57 58 59 60 61 62 63 64 65 
67 66 1 2 3 4 5 6 7 8 9 10 11 12 13 14 15 16 17 18 19 20 21 22 23 24 25 26 27 28 29 30 31 32 33 34 35 36 37 38 39 40 41 42 43 44 45 46 47 48 49 50 51 52 53 54 55 56 57 58 59 60 61 62 63 64 65 66 
68 67 1 2 3 4 5 6 7 8 9 10 11 12 13 14 15 16 17 18 19 20 21 22 23 24 25 26 27 28 29 30 31 32 33 34 35 36 37 38 39 40 41 42 43 44 45 46 47 48 49 50 51 52 53 54 55 56 57 58 59 60 61 62 63 64 65 66 67 
69 68 1 2 3 4 5 6 7 8 9 10 11 12 13 14 15 16 17 18 19 20 21 22 23 24 25 26 27 28 29 30 31 32 33 34 35 36 37 38 39 40 41 42 43 44 45 46 47 48 49 50 51 52 53 54 55 56 57 58 59 60 61 62 63 64 65 66 67 68 
70 69 1 2 3 4 5 6 7 8 9 10 11 12 13 14 15 16 17 18 19 20 21 22 23 24 25 26 27 28 29 30 31 32 33 34 35 36 37 38 39 40 41 42 43 44 45 46 47 48 49 50 51 52 53 54 55 56 57 58 59 60 61 62 63 64 65 66 67 68 69 
71 70 1 2 3 4 5 6 7 8 9 10 11 12 13 14 15 16 17 18 19 20 21 22 23 24 25 26 27 28 29 30 31 32 33 34 35 36 37 38 39 40 41 42 43 44 45 46 47 48 49 50 51 52 53 54 55 56 57 58 59 60 61 62 63 64 65 66 67 68 69 70 
72 71 1 2 3 4 5 6 7 8 9 10 11 12 13 14 15 16 17 18 19 20 21 22 23 24 25 26 27 28 29 30 31 32 33 34 35 36 37 38 39 40 41 42 43 44 45 46 47 48 49 50 51 52 53 54 55 56 57 58 59 60 61 62 63 64 65 66 67 68 69 70 71 
73 72 1 2 3 4 5 6 7 8 9 10 11 12 13 14 15 16 17 18 19 20 21 22 23 24 25 26 27 28 29 30 31 32 33 34 35 36 37 38 39 40 41 42 43 44 45 46 47 48 49 50 51 52 53 54 55 56 57 58 59 60 61 62 63 64 65 66 67 68 69 70 71 72 
74 73 1 2 3 4 5 6 7 8 9 10 11 12 13 14 15 16 17 18 19 20 21 22 23 24 25 26 27 28 29 30 31 32 33 34 35 36 37 38 39 40 41 42 43 44 45 46 47 48 49 50 51 52 53 54 55 56 57 58 59 60 61 62 63 64 65 66 67 68 69 70 71 72 73 
75 74 1 2 3 4 5 6 7 8 9 10 11 12 13 14 15 16 17 18 19 20 21 22 23 24 25 26 27 28 29 30 31 32 33 34 35 36 37 38 39 40 41 42 43 44 45 46 47 48 49 50 51 52 53 54 55 56 57 58 59 60 61 62 63 64 65 66 67 68 69 70 71 72 73 74 
76 75 1 2 3 4 5 6 7 8 9 10 11 12 13 14 15 16 17 18 19 20 21 22 23 24 25 26 27 28 29 30 31 32 33 34 35 36 37 38 39 40 41 42 43 44 45 46 47 48 49 50 51 52 53 54 55 56 57 58 59 60 61 62 63 64 65 66 67 68 69 70 71 72 73 74 75 
77 76 1 2 3 4 5 6 7 8 9 10 11 12 13 14 15 16 17 18 19 20 21 22 23 24 25 26 27 28 29 30 31 32 33 34 35 36 37 38 39 40 41 42 43 44 45 46 47 48 49 50 51 52 53 54 55 56 57 58 59 60 61 62 63 64 65 66 67 68 69 70 71 72 73 74 75 76 
78 77 1 2 3 4 5 6 7 8 9 10 11 12 13 14 15 16 17 18 19 20 21 22 23 24 25 26 27 28 29 30 31 32 33 34 35 36 37 38 39 40 41 42 43 44 45 46 47 48 49 50 51 52 53 54 55 56 57 58 59 60 61 62 63 64 65 66 67 68 69 70 71 72 73 74 75 76 77 
79 78 1 2 3 4 5 6 7 8 9 10 11 12 13 14 15 16 17 18 19 20 21 22 23 24 25 26 27 28 29 30 31 32 33 34 35 36 37 38 39 40 41 42 43 44 45 46 47 48 49 50 51 52 53 54 55 56 57 58 59 60 61 62 63 64 65 66 67 68 69 70 71 72 73 74 75 76 77 78 
80 79 1 2 3 4 5 6 7 8 9 10 11 12 13 14 15 16 17 18 19 20 21 22 23 24 25 26 27 28 29 30 31 32 33 34 35 36 37 38 39 40 41 42 43 44 45 46 47 48 49 50 51 52 53 54 55 56 57 58 59 60 61 62 63 64 65 66 67 68 69 70 71 72 73 74 75 76 77 78 79 
81 80 1 2 3 4 5 6 7 8 9 10 11 12 13 14 15 16 17 18 19 20 21 22 23 24 25 26 27 28 29 30 31 32 33 34 35 36 37 38 39 40 41 42 43 44 45 46 47 48 49 50 51 52 53 54 55 56 57 58 59 60 61 62 63 64 65 66 67 68 69 70 71 72 73 74 75 76 77 78 79 80 
82 81 1 2 3 4 5 6 7 8 9 10 11 12 13 14 15 16 17 18 19 20 21 22 23 24 25 26 27 28 29 30 31 32 33 34 35 36 37 38 39 40 41 42 43 44 45 46 47 48 49 50 51 52 53 54 55 56 57 58 59 60 61 62 63 64 65 66 67 68 69 70 71 72 73 74 75 76 77 78 79 80 81 
83 82 1 2 3 4 5 6 7 8 9 10 11 12 13 14 15 16 17 18 19 20 21 22 23 24 25 26 27 28 29 30 31 32 33 34 35 36 37 38 39 40 41 42 43 44 45 46 47 48 49 50 51 52 53 54 55 56 57 58 59 60 61 62 63 64 65 66 67 68 69 70 71 72 73 74 75 76 77 78 79 80 81 82 
84 83 1 2 3 4 5 6 7 8 9 10 11 12 13 14 15 16 17 18 19 20 21 22 23 24 25 26 27 28 29 30 31 32 33 34 35 36 37 38 39 40 41 42 43 44 45 46 47 48 49 50 51 52 53 54 55 56 57 58 59 60 61 62 63 64 65 66 67 68 69 70 71 72 73 74 75 76 77 78 79 80 81 82 83 
85 84 1 2 3 4 5 6 7 8 9 10 11 12 13 14 15 16 17 18 19 20 21 22 23 24 25 26 27 28 29 30 31 32 33 34 35 36 37 38 39 40 41 42 43 44 45 46 47 48 49 50 51 52 53 54 55 56 57 58 59 60 61 62 63 64 65 66 67 68 69 70 71 72 73 74 75 76 77 78 79 80 81 82 83 84 

72 71
2 1 1 
3 2 1 2 
4 3 1 2 3 
5 4 1 2 3 4 
6 5 1 2 3 4 5 
7 6 1 2 3 4 5 6 
8 7 1 2 3 4 5 6 7 
9 8 1 2 3 4 5 6 7 8 
10 9 1 2 3 4 5 6 7 8 9 
11 10 1 2 3 4 5 6 7 8 9 10 
12 11 1 2 3 4 5 6 7 8 9 10 11 
13 12 1 2 3 4 5 6 7 8 9 10 11 12 
14 13 1 2 3 4 5 6 7 8 9 10 11 12 13 
15 14 1 2 3 4 5 6 7 8 9 10 11 12 13 14 
16 15 1 2 3 4 5 6 7 8 9 10 11 12 13 14 15 
17 16 1 2 3 4 5 6 7 8 9 10 11 12 13 14 15 16 
18 17 1 2 3 4 5 6 7 8 9 10 11 12 13 14 15 16 17 
19 18 1 2 3 4 5 6 7 8 9 10 11 12 13 14 15 16 17 18 
20 19 1 2 3 4 5 6 7 8 9 10 11 12 13 14 15 16 17 18 19 
21 20 1 2 3 4 5 6 7 8 9 10 11 12 13 14 15 16 17 18 19 20 
22 21 1 2 3 4 5 6 7 8 9 10 11 12 13 14 15 16 17 18 19 20 21 
23 22 1 2 3 4 5 6 7 8 9 10 11 12 13 14 15 16 17 18 19 20 21 22 
24 23 1 2 3 4 5 6 7 8 9 10 11 12 13 14 15 16 17 18 19 20 21 22 23 
25 24 1 2 3 4 5 6 7 8 9 10 11 12 13 14 15 16 17 18 19 20 21 22 23 24 
26 25 1 2 3 4 5 6 7 8 9 10 11 12 13 14 15 16 17 18 19 20 21 22 23 24 25 
27 26 1 2 3 4 5 6 7 8 9 10 11 12 13 14 15 16 17 18 19 20 21 22 23 24 25 26 
28 27 1 2 3 4 5 6 7 8 9 10 11 12 13 14 15 16 17 18 19 20 21 22 23 24 25 26 27 
29 28 1 2 3 4 5 6 7 8 9 10 11 12 13 14 15 16 17 18 19 20 21 22 23 24 25 26 27 28 
30 29 1 2 3 4 5 6 7 8 9 10 11 12 13 14 15 16 17 18 19 20 21 22 23 24 25 26 27 28 29 
31 30 1 2 3 4 5 6 7 8 9 10 11 12 13 14 15 16 17 18 19 20 21 22 23 24 25 26 27 28 29 30 
32 31 1 2 3 4 5 6 7 8 9 10 11 12 13 14 15 16 17 18 19 20 21 22 23 24 25 26 27 28 29 30 31 
33 32 1 2 3 4 5 6 7 8 9 10 11 12 13 14 15 16 17 18 19 20 21 22 23 24 25 26 27 28 29 30 31 32 
34 33 1 2 3 4 5 6 7 8 9 10 11 12 13 14 15 16 17 18 19 20 21 22 23 24 25 26 27 28 29 30 31 32 33 
35 34 1 2 3 4 5 6 7 8 9 10 11 12 13 14 15 16 17 18 19 20 21 22 23 24 25 26 27 28 29 30 31 32 33 34 
36 35 1 2 3 4 5 6 7 8 9 10 11 12 13 14 15 16 17 18 19 20 21 22 23 24 25 26 27 28 29 30 31 32 33 34 35 
37 36 1 2 3 4 5 6 7 8 9 10 11 12 13 14 15 16 17 18 19 20 21 22 23 24 25 26 27 28 29 30 31 32 33 34 35 36 
38 37 1 2 3 4 5 6 7 8 9 10 11 12 13 14 15 16 17 18 19 20 21 22 23 24 25 26 27 28 29 30 31 32 33 34 35 36 37 
39 38 1 2 3 4 5 6 7 8 9 10 11 12 13 14 15 16 17 18 19 20 21 22 23 24 25 26 27 28 29 30 31 32 33 34 35 36 37 38 
40 39 1 2 3 4 5 6 7 8 9 10 11 12 13 14 15 16 17 18 19 20 21 22 23 24 25 26 27 28 29 30 31 32 33 34 35 36 37 38 39 
41 40 1 2 3 4 5 6 7 8 9 10 11 12 13 14 15 16 17 18 19 20 21 22 23 24 25 26 27 28 29 30 31 32 33 34 35 36 37 38 39 40 
42 41 1 2 3 4 5 6 7 8 9 10 11 12 13 14 15 16 17 18 19 20 21 22 23 24 25 26 27 28 29 30 31 32 33 34 35 36 37 38 39 40 41 
43 42 1 2 3 4 5 6 7 8 9 10 11 12 13 14 15 16 17 18 19 20 21 22 23 24 25 26 27 28 29 30 31 32 33 34 35 36 37 38 39 40 41 42 
44 43 1 2 3 4 5 6 7 8 9 10 11 12 13 14 15 16 17 18 19 20 21 22 23 24 25 26 27 28 29 30 31 32 33 34 35 36 37 38 39 40 41 42 43 
45 44 1 2 3 4 5 6 7 8 9 10 11 12 13 14 15 16 17 18 19 20 21 22 23 24 25 26 27 28 29 30 31 32 33 34 35 36 37 38 39 40 41 42 43 44 
46 45 1 2 3 4 5 6 7 8 9 10 11 12 13 14 15 16 17 18 19 20 21 22 23 24 25 26 27 28 29 30 31 32 33 34 35 36 37 38 39 40 41 42 43 44 45 
47 46 1 2 3 4 5 6 7 8 9 10 11 12 13 14 15 16 17 18 19 20 21 22 23 24 25 26 27 28 29 30 31 32 33 34 35 36 37 38 39 40 41 42 43 44 45 46 
48 47 1 2 3 4 5 6 7 8 9 10 11 12 13 14 15 16 17 18 19 20 21 22 23 24 25 26 27 28 29 30 31 32 33 34 35 36 37 38 39 40 41 42 43 44 45 46 47 
49 48 1 2 3 4 5 6 7 8 9 10 11 12 13 14 15 16 17 18 19 20 21 22 23 24 25 26 27 28 29 30 31 32 33 34 35 36 37 38 39 40 41 42 43 44 45 46 47 48 
50 49 1 2 3 4 5 6 7 8 9 10 11 12 13 14 15 16 17 18 19 20 21 22 23 24 25 26 27 28 29 30 31 32 33 34 35 36 37 38 39 40 41 42 43 44 45 46 47 48 49 
51 50 1 2 3 4 5 6 7 8 9 10 11 12 13 14 15 16 17 18 19 20 21 22 23 24 25 26 27 28 29 30 31 32 33 34 35 36 37 38 39 40 41 42 43 44 45 46 47 48 49 50 
52 51 1 2 3 4 5 6 7 8 9 10 11 12 13 14 15 16 17 18 19 20 21 22 23 24 25 26 27 28 29 30 31 32 33 34 35 36 37 38 39 40 41 42 43 44 45 46 47 48 49 50 51 
53 52 1 2 3 4 5 6 7 8 9 10 11 12 13 14 15 16 17 18 19 20 21 22 23 24 25 26 27 28 29 30 31 32 33 34 35 36 37 38 39 40 41 42 43 44 45 46 47 48 49 50 51 52 
54 53 1 2 3 4 5 6 7 8 9 10 11 12 13 14 15 16 17 18 19 20 21 22 23 24 25 26 27 28 29 30 31 32 33 34 35 36 37 38 39 40 41 42 43 44 45 46 47 48 49 50 51 52 53 
55 54 1 2 3 4 5 6 7 8 9 10 11 12 13 14 15 16 17 18 19 20 21 22 23 24 25 26 27 28 29 30 31 32 33 34 35 36 37 38 39 40 41 42 43 44 45 46 47 48 49 50 51 52 53 54 
56 55 1 2 3 4 5 6 7 8 9 10 11 12 13 14 15 16 17 18 19 20 21 22 23 24 25 26 27 28 29 30 31 32 33 34 35 36 37 38 39 40 41 42 43 44 45 46 47 48 49 50 51 52 53 54 55 
57 56 1 2 3 4 5 6 7 8 9 10 11 12 13 14 15 16 17 18 19 20 21 22 23 24 25 26 27 28 29 30 31 32 33 34 35 36 37 38 39 40 41 42 43 44 45 46 47 48 49 50 51 52 53 54 55 56 
58 57 1 2 3 4 5 6 7 8 9 10 11 12 13 14 15 16 17 18 19 20 21 22 23 24 25 26 27 28 29 30 31 32 33 34 35 36 37 38 39 40 41 42 43 44 45 46 47 48 49 50 51 52 53 54 55 56 57 
59 58 1 2 3 4 5 6 7 8 9 10 11 12 13 14 15 16 17 18 19 20 21 22 23 24 25 26 27 28 29 30 31 32 33 34 35 36 37 38 39 40 41 42 43 44 45 46 47 48 49 50 51 52 53 54 55 56 57 58 
60 59 1 2 3 4 5 6 7 8 9 10 11 12 13 14 15 16 17 18 19 20 21 22 23 24 25 26 27 28 29 30 31 32 33 34 35 36 37 38 39 40 41 42 43 44 45 46 47 48 49 50 51 52 53 54 55 56 57 58 59 
61 60 1 2 3 4 5 6 7 8 9 10 11 12 13 14 15 16 17 18 19 20 21 22 23 24 25 26 27 28 29 30 31 32 33 34 35 36 37 38 39 40 41 42 43 44 45 46 47 48 49 50 51 52 53 54 55 56 57 58 59 60 
62 61 1 2 3 4 5 6 7 8 9 10 11 12 13 14 15 16 17 18 19 20 21 22 23 24 25 26 27 28 29 30 31 32 33 34 35 36 37 38 39 40 41 42 43 44 45 46 47 48 49 50 51 52 53 54 55 56 57 58 59 60 61 
63 62 1 2 3 4 5 6 7 8 9 10 11 12 13 14 15 16 17 18 19 20 21 22 23 24 25 26 27 28 29 30 31 32 33 34 35 36 37 38 39 40 41 42 43 44 45 46 47 48 49 50 51 52 53 54 55 56 57 58 59 60 61 62 
64 63 1 2 3 4 5 6 7 8 9 10 11 12 13 14 15 16 17 18 19 20 21 22 23 24 25 26 27 28 29 30 31 32 33 34 35 36 37 38 39 40 41 42 43 44 45 46 47 48 49 50 51 52 53 54 55 56 57 58 59 60 61 62 63 
65 64 1 2 3 4 5 6 7 8 9 10 11 12 13 14 15 16 17 18 19 20 21 22 23 24 25 26 27 28 29 30 31 32 33 34 35 36 37 38 39 40 41 42 43 44 45 46 47 48 49 50 51 52 53 54 55 56 57 58 59 60 61 62 63 64 
66 65 1 2 3 4 5 6 7 8 9 10 11 12 13 14 15 16 17 18 19 20 21 22 23 24 25 26 27 28 29 30 31 32 33 34 35 36 37 38 39 40 41 42 43 44 45 46 47 48 49 50 51 52 53 54 55 56 57 58 59 60 61 62 63 64 65 
67 66 1 2 3 4 5 6 7 8 9 10 11 12 13 14 15 16 17 18 19 20 21 22 23 24 25 26 27 28 29 30 31 32 33 34 35 36 37 38 39 40 41 42 43 44 45 46 47 48 49 50 51 52 53 54 55 56 57 58 59 60 61 62 63 64 65 66 
68 67 1 2 3 4 5 6 7 8 9 10 11 12 13 14 15 16 17 18 19 20 21 22 23 24 25 26 27 28 29 30 31 32 33 34 35 36 37 38 39 40 41 42 43 44 45 46 47 48 49 50 51 52 53 54 55 56 57 58 59 60 61 62 63 64 65 66 67 
69 68 1 2 3 4 5 6 7 8 9 10 11 12 13 14 15 16 17 18 19 20 21 22 23 24 25 26 27 28 29 30 31 32 33 34 35 36 37 38 39 40 41 42 43 44 45 46 47 48 49 50 51 52 53 54 55 56 57 58 59 60 61 62 63 64 65 66 67 68 
70 69 1 2 3 4 5 6 7 8 9 10 11 12 13 14 15 16 17 18 19 20 21 22 23 24 25 26 27 28 29 30 31 32 33 34 35 36 37 38 39 40 41 42 43 44 45 46 47 48 49 50 51 52 53 54 55 56 57 58 59 60 61 62 63 64 65 66 67 68 69 
71 70 1 2 3 4 5 6 7 8 9 10 11 12 13 14 15 16 17 18 19 20 21 22 23 24 25 26 27 28 29 30 31 32 33 34 35 36 37 38 39 40 41 42 43 44 45 46 47 48 49 50 51 52 53 54 55 56 57 58 59 60 61 62 63 64 65 66 67 68 69 70 
72 71 1 2 3 4 5 6 7 8 9 10 11 12 13 14 15 16 17 18 19 20 21 22 23 24 25 26 27 28 29 30 31 32 33 34 35 36 37 38 39 40 41 42 43 44 45 46 47 48 49 50 51 52 53 54 55 56 57 58 59 60 61 62 63 64 65 66 67 68 69 70 71 

41 40
2 1 1 
3 2 1 2 
4 3 1 2 3 
5 4 1 2 3 4 
6 5 1 2 3 4 5 
7 6 1 2 3 4 5 6 
8 7 1 2 3 4 5 6 7 
9 8 1 2 3 4 5 6 7 8 
10 9 1 2 3 4 5 6 7 8 9 
11 10 1 2 3 4 5 6 7 8 9 10 
12 11 1 2 3 4 5 6 7 8 9 10 11 
13 12 1 2 3 4 5 6 7 8 9 10 11 12 
14 13 1 2 3 4 5 6 7 8 9 10 11 12 13 
15 14 1 2 3 4 5 6 7 8 9 10 11 12 13 14 
16 15 1 2 3 4 5 6 7 8 9 10 11 12 13 14 15 
17 16 1 2 3 4 5 6 7 8 9 10 11 12 13 14 15 16 
18 17 1 2 3 4 5 6 7 8 9 10 11 12 13 14 15 16 17 
19 18 1 2 3 4 5 6 7 8 9 10 11 12 13 14 15 16 17 18 
20 19 1 2 3 4 5 6 7 8 9 10 11 12 13 14 15 16 17 18 19 
21 20 1 2 3 4 5 6 7 8 9 10 11 12 13 14 15 16 17 18 19 20 
22 21 1 2 3 4 5 6 7 8 9 10 11 12 13 14 15 16 17 18 19 20 21 
23 22 1 2 3 4 5 6 7 8 9 10 11 12 13 14 15 16 17 18 19 20 21 22 
24 23 1 2 3 4 5 6 7 8 9 10 11 12 13 14 15 16 17 18 19 20 21 22 23 
25 24 1 2 3 4 5 6 7 8 9 10 11 12 13 14 15 16 17 18 19 20 21 22 23 24 
26 25 1 2 3 4 5 6 7 8 9 10 11 12 13 14 15 16 17 18 19 20 21 22 23 24 25 
27 26 1 2 3 4 5 6 7 8 9 10 11 12 13 14 15 16 17 18 19 20 21 22 23 24 25 26 
28 27 1 2 3 4 5 6 7 8 9 10 11 12 13 14 15 16 17 18 19 20 21 22 23 24 25 26 27 
29 28 1 2 3 4 5 6 7 8 9 10 11 12 13 14 15 16 17 18 19 20 21 22 23 24 25 26 27 28 
30 29 1 2 3 4 5 6 7 8 9 10 11 12 13 14 15 16 17 18 19 20 21 22 23 24 25 26 27 28 29 
31 30 1 2 3 4 5 6 7 8 9 10 11 12 13 14 15 16 17 18 19 20 21 22 23 24 25 26 27 28 29 30 
32 31 1 2 3 4 5 6 7 8 9 10 11 12 13 14 15 16 17 18 19 20 21 22 23 24 25 26 27 28 29 30 31 
33 32 1 2 3 4 5 6 7 8 9 10 11 12 13 14 15 16 17 18 19 20 21 22 23 24 25 26 27 28 29 30 31 32 
34 33 1 2 3 4 5 6 7 8 9 10 11 12 13 14 15 16 17 18 19 20 21 22 23 24 25 26 27 28 29 30 31 32 33 
35 34 1 2 3 4 5 6 7 8 9 10 11 12 13 14 15 16 17 18 19 20 21 22 23 24 25 26 27 28 29 30 31 32 33 34 
36 35 1 2 3 4 5 6 7 8 9 10 11 12 13 14 15 16 17 18 19 20 21 22 23 24 25 26 27 28 29 30 31 32 33 34 35 
37 36 1 2 3 4 5 6 7 8 9 10 11 12 13 14 15 16 17 18 19 20 21 22 23 24 25 26 27 28 29 30 31 32 33 34 35 36 
38 37 1 2 3 4 5 6 7 8 9 10 11 12 13 14 15 16 17 18 19 20 21 22 23 24 25 26 27 28 29 30 31 32 33 34 35 36 37 
39 38 1 2 3 4 5 6 7 8 9 10 11 12 13 14 15 16 17 18 19 20 21 22 23 24 25 26 27 28 29 30 31 32 33 34 35 36 37 38 
40 39 1 2 3 4 5 6 7 8 9 10 11 12 13 14 15 16 17 18 19 20 21 22 23 24 25 26 27 28 29 30 31 32 33 34 35 36 37 38 39 
41 40 1 2 3 4 5 6 7 8 9 10 11 12 13 14 15 16 17 18 19 20 21 22 23 24 25 26 27 28 29 30 31 32 33 34 35 36 37 38 39 40 

92 91
2 1 1 
3 2 1 2 
4 3 1 2 3 
5 4 1 2 3 4 
6 5 1 2 3 4 5 
7 6 1 2 3 4 5 6 
8 7 1 2 3 4 5 6 7 
9 8 1 2 3 4 5 6 7 8 
10 9 1 2 3 4 5 6 7 8 9 
11 10 1 2 3 4 5 6 7 8 9 10 
12 11 1 2 3 4 5 6 7 8 9 10 11 
13 12 1 2 3 4 5 6 7 8 9 10 11 12 
14 13 1 2 3 4 5 6 7 8 9 10 11 12 13 
15 14 1 2 3 4 5 6 7 8 9 10 11 12 13 14 
16 15 1 2 3 4 5 6 7 8 9 10 11 12 13 14 15 
17 16 1 2 3 4 5 6 7 8 9 10 11 12 13 14 15 16 
18 17 1 2 3 4 5 6 7 8 9 10 11 12 13 14 15 16 17 
19 18 1 2 3 4 5 6 7 8 9 10 11 12 13 14 15 16 17 18 
20 19 1 2 3 4 5 6 7 8 9 10 11 12 13 14 15 16 17 18 19 
21 20 1 2 3 4 5 6 7 8 9 10 11 12 13 14 15 16 17 18 19 20 
22 21 1 2 3 4 5 6 7 8 9 10 11 12 13 14 15 16 17 18 19 20 21 
23 22 1 2 3 4 5 6 7 8 9 10 11 12 13 14 15 16 17 18 19 20 21 22 
24 23 1 2 3 4 5 6 7 8 9 10 11 12 13 14 15 16 17 18 19 20 21 22 23 
25 24 1 2 3 4 5 6 7 8 9 10 11 12 13 14 15 16 17 18 19 20 21 22 23 24 
26 25 1 2 3 4 5 6 7 8 9 10 11 12 13 14 15 16 17 18 19 20 21 22 23 24 25 
27 26 1 2 3 4 5 6 7 8 9 10 11 12 13 14 15 16 17 18 19 20 21 22 23 24 25 26 
28 27 1 2 3 4 5 6 7 8 9 10 11 12 13 14 15 16 17 18 19 20 21 22 23 24 25 26 27 
29 28 1 2 3 4 5 6 7 8 9 10 11 12 13 14 15 16 17 18 19 20 21 22 23 24 25 26 27 28 
30 29 1 2 3 4 5 6 7 8 9 10 11 12 13 14 15 16 17 18 19 20 21 22 23 24 25 26 27 28 29 
31 30 1 2 3 4 5 6 7 8 9 10 11 12 13 14 15 16 17 18 19 20 21 22 23 24 25 26 27 28 29 30 
32 31 1 2 3 4 5 6 7 8 9 10 11 12 13 14 15 16 17 18 19 20 21 22 23 24 25 26 27 28 29 30 31 
33 32 1 2 3 4 5 6 7 8 9 10 11 12 13 14 15 16 17 18 19 20 21 22 23 24 25 26 27 28 29 30 31 32 
34 33 1 2 3 4 5 6 7 8 9 10 11 12 13 14 15 16 17 18 19 20 21 22 23 24 25 26 27 28 29 30 31 32 33 
35 34 1 2 3 4 5 6 7 8 9 10 11 12 13 14 15 16 17 18 19 20 21 22 23 24 25 26 27 28 29 30 31 32 33 34 
36 35 1 2 3 4 5 6 7 8 9 10 11 12 13 14 15 16 17 18 19 20 21 22 23 24 25 26 27 28 29 30 31 32 33 34 35 
37 36 1 2 3 4 5 6 7 8 9 10 11 12 13 14 15 16 17 18 19 20 21 22 23 24 25 26 27 28 29 30 31 32 33 34 35 36 
38 37 1 2 3 4 5 6 7 8 9 10 11 12 13 14 15 16 17 18 19 20 21 22 23 24 25 26 27 28 29 30 31 32 33 34 35 36 37 
39 38 1 2 3 4 5 6 7 8 9 10 11 12 13 14 15 16 17 18 19 20 21 22 23 24 25 26 27 28 29 30 31 32 33 34 35 36 37 38 
40 39 1 2 3 4 5 6 7 8 9 10 11 12 13 14 15 16 17 18 19 20 21 22 23 24 25 26 27 28 29 30 31 32 33 34 35 36 37 38 39 
41 40 1 2 3 4 5 6 7 8 9 10 11 12 13 14 15 16 17 18 19 20 21 22 23 24 25 26 27 28 29 30 31 32 33 34 35 36 37 38 39 40 
42 41 1 2 3 4 5 6 7 8 9 10 11 12 13 14 15 16 17 18 19 20 21 22 23 24 25 26 27 28 29 30 31 32 33 34 35 36 37 38 39 40 41 
43 42 1 2 3 4 5 6 7 8 9 10 11 12 13 14 15 16 17 18 19 20 21 22 23 24 25 26 27 28 29 30 31 32 33 34 35 36 37 38 39 40 41 42 
44 43 1 2 3 4 5 6 7 8 9 10 11 12 13 14 15 16 17 18 19 20 21 22 23 24 25 26 27 28 29 30 31 32 33 34 35 36 37 38 39 40 41 42 43 
45 44 1 2 3 4 5 6 7 8 9 10 11 12 13 14 15 16 17 18 19 20 21 22 23 24 25 26 27 28 29 30 31 32 33 34 35 36 37 38 39 40 41 42 43 44 
46 45 1 2 3 4 5 6 7 8 9 10 11 12 13 14 15 16 17 18 19 20 21 22 23 24 25 26 27 28 29 30 31 32 33 34 35 36 37 38 39 40 41 42 43 44 45 
47 46 1 2 3 4 5 6 7 8 9 10 11 12 13 14 15 16 17 18 19 20 21 22 23 24 25 26 27 28 29 30 31 32 33 34 35 36 37 38 39 40 41 42 43 44 45 46 
48 47 1 2 3 4 5 6 7 8 9 10 11 12 13 14 15 16 17 18 19 20 21 22 23 24 25 26 27 28 29 30 31 32 33 34 35 36 37 38 39 40 41 42 43 44 45 46 47 
49 48 1 2 3 4 5 6 7 8 9 10 11 12 13 14 15 16 17 18 19 20 21 22 23 24 25 26 27 28 29 30 31 32 33 34 35 36 37 38 39 40 41 42 43 44 45 46 47 48 
50 49 1 2 3 4 5 6 7 8 9 10 11 12 13 14 15 16 17 18 19 20 21 22 23 24 25 26 27 28 29 30 31 32 33 34 35 36 37 38 39 40 41 42 43 44 45 46 47 48 49 
51 50 1 2 3 4 5 6 7 8 9 10 11 12 13 14 15 16 17 18 19 20 21 22 23 24 25 26 27 28 29 30 31 32 33 34 35 36 37 38 39 40 41 42 43 44 45 46 47 48 49 50 
52 51 1 2 3 4 5 6 7 8 9 10 11 12 13 14 15 16 17 18 19 20 21 22 23 24 25 26 27 28 29 30 31 32 33 34 35 36 37 38 39 40 41 42 43 44 45 46 47 48 49 50 51 
53 52 1 2 3 4 5 6 7 8 9 10 11 12 13 14 15 16 17 18 19 20 21 22 23 24 25 26 27 28 29 30 31 32 33 34 35 36 37 38 39 40 41 42 43 44 45 46 47 48 49 50 51 52 
54 53 1 2 3 4 5 6 7 8 9 10 11 12 13 14 15 16 17 18 19 20 21 22 23 24 25 26 27 28 29 30 31 32 33 34 35 36 37 38 39 40 41 42 43 44 45 46 47 48 49 50 51 52 53 
55 54 1 2 3 4 5 6 7 8 9 10 11 12 13 14 15 16 17 18 19 20 21 22 23 24 25 26 27 28 29 30 31 32 33 34 35 36 37 38 39 40 41 42 43 44 45 46 47 48 49 50 51 52 53 54 
56 55 1 2 3 4 5 6 7 8 9 10 11 12 13 14 15 16 17 18 19 20 21 22 23 24 25 26 27 28 29 30 31 32 33 34 35 36 37 38 39 40 41 42 43 44 45 46 47 48 49 50 51 52 53 54 55 
57 56 1 2 3 4 5 6 7 8 9 10 11 12 13 14 15 16 17 18 19 20 21 22 23 24 25 26 27 28 29 30 31 32 33 34 35 36 37 38 39 40 41 42 43 44 45 46 47 48 49 50 51 52 53 54 55 56 
58 57 1 2 3 4 5 6 7 8 9 10 11 12 13 14 15 16 17 18 19 20 21 22 23 24 25 26 27 28 29 30 31 32 33 34 35 36 37 38 39 40 41 42 43 44 45 46 47 48 49 50 51 52 53 54 55 56 57 
59 58 1 2 3 4 5 6 7 8 9 10 11 12 13 14 15 16 17 18 19 20 21 22 23 24 25 26 27 28 29 30 31 32 33 34 35 36 37 38 39 40 41 42 43 44 45 46 47 48 49 50 51 52 53 54 55 56 57 58 
60 59 1 2 3 4 5 6 7 8 9 10 11 12 13 14 15 16 17 18 19 20 21 22 23 24 25 26 27 28 29 30 31 32 33 34 35 36 37 38 39 40 41 42 43 44 45 46 47 48 49 50 51 52 53 54 55 56 57 58 59 
61 60 1 2 3 4 5 6 7 8 9 10 11 12 13 14 15 16 17 18 19 20 21 22 23 24 25 26 27 28 29 30 31 32 33 34 35 36 37 38 39 40 41 42 43 44 45 46 47 48 49 50 51 52 53 54 55 56 57 58 59 60 
62 61 1 2 3 4 5 6 7 8 9 10 11 12 13 14 15 16 17 18 19 20 21 22 23 24 25 26 27 28 29 30 31 32 33 34 35 36 37 38 39 40 41 42 43 44 45 46 47 48 49 50 51 52 53 54 55 56 57 58 59 60 61 
63 62 1 2 3 4 5 6 7 8 9 10 11 12 13 14 15 16 17 18 19 20 21 22 23 24 25 26 27 28 29 30 31 32 33 34 35 36 37 38 39 40 41 42 43 44 45 46 47 48 49 50 51 52 53 54 55 56 57 58 59 60 61 62 
64 63 1 2 3 4 5 6 7 8 9 10 11 12 13 14 15 16 17 18 19 20 21 22 23 24 25 26 27 28 29 30 31 32 33 34 35 36 37 38 39 40 41 42 43 44 45 46 47 48 49 50 51 52 53 54 55 56 57 58 59 60 61 62 63 
65 64 1 2 3 4 5 6 7 8 9 10 11 12 13 14 15 16 17 18 19 20 21 22 23 24 25 26 27 28 29 30 31 32 33 34 35 36 37 38 39 40 41 42 43 44 45 46 47 48 49 50 51 52 53 54 55 56 57 58 59 60 61 62 63 64 
66 65 1 2 3 4 5 6 7 8 9 10 11 12 13 14 15 16 17 18 19 20 21 22 23 24 25 26 27 28 29 30 31 32 33 34 35 36 37 38 39 40 41 42 43 44 45 46 47 48 49 50 51 52 53 54 55 56 57 58 59 60 61 62 63 64 65 
67 66 1 2 3 4 5 6 7 8 9 10 11 12 13 14 15 16 17 18 19 20 21 22 23 24 25 26 27 28 29 30 31 32 33 34 35 36 37 38 39 40 41 42 43 44 45 46 47 48 49 50 51 52 53 54 55 56 57 58 59 60 61 62 63 64 65 66 
68 67 1 2 3 4 5 6 7 8 9 10 11 12 13 14 15 16 17 18 19 20 21 22 23 24 25 26 27 28 29 30 31 32 33 34 35 36 37 38 39 40 41 42 43 44 45 46 47 48 49 50 51 52 53 54 55 56 57 58 59 60 61 62 63 64 65 66 67 
69 68 1 2 3 4 5 6 7 8 9 10 11 12 13 14 15 16 17 18 19 20 21 22 23 24 25 26 27 28 29 30 31 32 33 34 35 36 37 38 39 40 41 42 43 44 45 46 47 48 49 50 51 52 53 54 55 56 57 58 59 60 61 62 63 64 65 66 67 68 
70 69 1 2 3 4 5 6 7 8 9 10 11 12 13 14 15 16 17 18 19 20 21 22 23 24 25 26 27 28 29 30 31 32 33 34 35 36 37 38 39 40 41 42 43 44 45 46 47 48 49 50 51 52 53 54 55 56 57 58 59 60 61 62 63 64 65 66 67 68 69 
71 70 1 2 3 4 5 6 7 8 9 10 11 12 13 14 15 16 17 18 19 20 21 22 23 24 25 26 27 28 29 30 31 32 33 34 35 36 37 38 39 40 41 42 43 44 45 46 47 48 49 50 51 52 53 54 55 56 57 58 59 60 61 62 63 64 65 66 67 68 69 70 
72 71 1 2 3 4 5 6 7 8 9 10 11 12 13 14 15 16 17 18 19 20 21 22 23 24 25 26 27 28 29 30 31 32 33 34 35 36 37 38 39 40 41 42 43 44 45 46 47 48 49 50 51 52 53 54 55 56 57 58 59 60 61 62 63 64 65 66 67 68 69 70 71 
73 72 1 2 3 4 5 6 7 8 9 10 11 12 13 14 15 16 17 18 19 20 21 22 23 24 25 26 27 28 29 30 31 32 33 34 35 36 37 38 39 40 41 42 43 44 45 46 47 48 49 50 51 52 53 54 55 56 57 58 59 60 61 62 63 64 65 66 67 68 69 70 71 72 
74 73 1 2 3 4 5 6 7 8 9 10 11 12 13 14 15 16 17 18 19 20 21 22 23 24 25 26 27 28 29 30 31 32 33 34 35 36 37 38 39 40 41 42 43 44 45 46 47 48 49 50 51 52 53 54 55 56 57 58 59 60 61 62 63 64 65 66 67 68 69 70 71 72 73 
75 74 1 2 3 4 5 6 7 8 9 10 11 12 13 14 15 16 17 18 19 20 21 22 23 24 25 26 27 28 29 30 31 32 33 34 35 36 37 38 39 40 41 42 43 44 45 46 47 48 49 50 51 52 53 54 55 56 57 58 59 60 61 62 63 64 65 66 67 68 69 70 71 72 73 74 
76 75 1 2 3 4 5 6 7 8 9 10 11 12 13 14 15 16 17 18 19 20 21 22 23 24 25 26 27 28 29 30 31 32 33 34 35 36 37 38 39 40 41 42 43 44 45 46 47 48 49 50 51 52 53 54 55 56 57 58 59 60 61 62 63 64 65 66 67 68 69 70 71 72 73 74 75 
77 76 1 2 3 4 5 6 7 8 9 10 11 12 13 14 15 16 17 18 19 20 21 22 23 24 25 26 27 28 29 30 31 32 33 34 35 36 37 38 39 40 41 42 43 44 45 46 47 48 49 50 51 52 53 54 55 56 57 58 59 60 61 62 63 64 65 66 67 68 69 70 71 72 73 74 75 76 
78 77 1 2 3 4 5 6 7 8 9 10 11 12 13 14 15 16 17 18 19 20 21 22 23 24 25 26 27 28 29 30 31 32 33 34 35 36 37 38 39 40 41 42 43 44 45 46 47 48 49 50 51 52 53 54 55 56 57 58 59 60 61 62 63 64 65 66 67 68 69 70 71 72 73 74 75 76 77 
79 78 1 2 3 4 5 6 7 8 9 10 11 12 13 14 15 16 17 18 19 20 21 22 23 24 25 26 27 28 29 30 31 32 33 34 35 36 37 38 39 40 41 42 43 44 45 46 47 48 49 50 51 52 53 54 55 56 57 58 59 60 61 62 63 64 65 66 67 68 69 70 71 72 73 74 75 76 77 78 
80 79 1 2 3 4 5 6 7 8 9 10 11 12 13 14 15 16 17 18 19 20 21 22 23 24 25 26 27 28 29 30 31 32 33 34 35 36 37 38 39 40 41 42 43 44 45 46 47 48 49 50 51 52 53 54 55 56 57 58 59 60 61 62 63 64 65 66 67 68 69 70 71 72 73 74 75 76 77 78 79 
81 80 1 2 3 4 5 6 7 8 9 10 11 12 13 14 15 16 17 18 19 20 21 22 23 24 25 26 27 28 29 30 31 32 33 34 35 36 37 38 39 40 41 42 43 44 45 46 47 48 49 50 51 52 53 54 55 56 57 58 59 60 61 62 63 64 65 66 67 68 69 70 71 72 73 74 75 76 77 78 79 80 
82 81 1 2 3 4 5 6 7 8 9 10 11 12 13 14 15 16 17 18 19 20 21 22 23 24 25 26 27 28 29 30 31 32 33 34 35 36 37 38 39 40 41 42 43 44 45 46 47 48 49 50 51 52 53 54 55 56 57 58 59 60 61 62 63 64 65 66 67 68 69 70 71 72 73 74 75 76 77 78 79 80 81 
83 82 1 2 3 4 5 6 7 8 9 10 11 12 13 14 15 16 17 18 19 20 21 22 23 24 25 26 27 28 29 30 31 32 33 34 35 36 37 38 39 40 41 42 43 44 45 46 47 48 49 50 51 52 53 54 55 56 57 58 59 60 61 62 63 64 65 66 67 68 69 70 71 72 73 74 75 76 77 78 79 80 81 82 
84 83 1 2 3 4 5 6 7 8 9 10 11 12 13 14 15 16 17 18 19 20 21 22 23 24 25 26 27 28 29 30 31 32 33 34 35 36 37 38 39 40 41 42 43 44 45 46 47 48 49 50 51 52 53 54 55 56 57 58 59 60 61 62 63 64 65 66 67 68 69 70 71 72 73 74 75 76 77 78 79 80 81 82 83 
85 84 1 2 3 4 5 6 7 8 9 10 11 12 13 14 15 16 17 18 19 20 21 22 23 24 25 26 27 28 29 30 31 32 33 34 35 36 37 38 39 40 41 42 43 44 45 46 47 48 49 50 51 52 53 54 55 56 57 58 59 60 61 62 63 64 65 66 67 68 69 70 71 72 73 74 75 76 77 78 79 80 81 82 83 84 
86 85 1 2 3 4 5 6 7 8 9 10 11 12 13 14 15 16 17 18 19 20 21 22 23 24 25 26 27 28 29 30 31 32 33 34 35 36 37 38 39 40 41 42 43 44 45 46 47 48 49 50 51 52 53 54 55 56 57 58 59 60 61 62 63 64 65 66 67 68 69 70 71 72 73 74 75 76 77 78 79 80 81 82 83 84 85 
87 86 1 2 3 4 5 6 7 8 9 10 11 12 13 14 15 16 17 18 19 20 21 22 23 24 25 26 27 28 29 30 31 32 33 34 35 36 37 38 39 40 41 42 43 44 45 46 47 48 49 50 51 52 53 54 55 56 57 58 59 60 61 62 63 64 65 66 67 68 69 70 71 72 73 74 75 76 77 78 79 80 81 82 83 84 85 86 
88 87 1 2 3 4 5 6 7 8 9 10 11 12 13 14 15 16 17 18 19 20 21 22 23 24 25 26 27 28 29 30 31 32 33 34 35 36 37 38 39 40 41 42 43 44 45 46 47 48 49 50 51 52 53 54 55 56 57 58 59 60 61 62 63 64 65 66 67 68 69 70 71 72 73 74 75 76 77 78 79 80 81 82 83 84 85 86 87 
89 88 1 2 3 4 5 6 7 8 9 10 11 12 13 14 15 16 17 18 19 20 21 22 23 24 25 26 27 28 29 30 31 32 33 34 35 36 37 38 39 40 41 42 43 44 45 46 47 48 49 50 51 52 53 54 55 56 57 58 59 60 61 62 63 64 65 66 67 68 69 70 71 72 73 74 75 76 77 78 79 80 81 82 83 84 85 86 87 88 
90 89 1 2 3 4 5 6 7 8 9 10 11 12 13 14 15 16 17 18 19 20 21 22 23 24 25 26 27 28 29 30 31 32 33 34 35 36 37 38 39 40 41 42 43 44 45 46 47 48 49 50 51 52 53 54 55 56 57 58 59 60 61 62 63 64 65 66 67 68 69 70 71 72 73 74 75 76 77 78 79 80 81 82 83 84 85 86 87 88 89 
91 90 1 2 3 4 5 6 7 8 9 10 11 12 13 14 15 16 17 18 19 20 21 22 23 24 25 26 27 28 29 30 31 32 33 34 35 36 37 38 39 40 41 42 43 44 45 46 47 48 49 50 51 52 53 54 55 56 57 58 59 60 61 62 63 64 65 66 67 68 69 70 71 72 73 74 75 76 77 78 79 80 81 82 83 84 85 86 87 88 89 90 
92 91 1 2 3 4 5 6 7 8 9 10 11 12 13 14 15 16 17 18 19 20 21 22 23 24 25 26 27 28 29 30 31 32 33 34 35 36 37 38 39 40 41 42 43 44 45 46 47 48 49 50 51 52 53 54 55 56 57 58 59 60 61 62 63 64 65 66 67 68 69 70 71 72 73 74 75 76 77 78 79 80 81 82 83 84 85 86 87 88 89 90 91 

23 22
2 1 1 
3 2 1 2 
4 3 1 2 3 
5 4 1 2 3 4 
6 5 1 2 3 4 5 
7 6 1 2 3 4 5 6 
8 7 1 2 3 4 5 6 7 
9 8 1 2 3 4 5 6 7 8 
10 9 1 2 3 4 5 6 7 8 9 
11 10 1 2 3 4 5 6 7 8 9 10 
12 11 1 2 3 4 5 6 7 8 9 10 11 
13 12 1 2 3 4 5 6 7 8 9 10 11 12 
14 13 1 2 3 4 5 6 7 8 9 10 11 12 13 
15 14 1 2 3 4 5 6 7 8 9 10 11 12 13 14 
16 15 1 2 3 4 5 6 7 8 9 10 11 12 13 14 15 
17 16 1 2 3 4 5 6 7 8 9 10 11 12 13 14 15 16 
18 17 1 2 3 4 5 6 7 8 9 10 11 12 13 14 15 16 17 
19 18 1 2 3 4 5 6 7 8 9 10 11 12 13 14 15 16 17 18 
20 19 1 2 3 4 5 6 7 8 9 10 11 12 13 14 15 16 17 18 19 
21 20 1 2 3 4 5 6 7 8 9 10 11 12 13 14 15 16 17 18 19 20 
22 21 1 2 3 4 5 6 7 8 9 10 11 12 13 14 15 16 17 18 19 20 21 
23 22 1 2 3 4 5 6 7 8 9 10 11 12 13 14 15 16 17 18 19 20 21 22 

58 57
2 1 1 
3 2 1 2 
4 3 1 2 3 
5 4 1 2 3 4 
6 5 1 2 3 4 5 
7 6 1 2 3 4 5 6 
8 7 1 2 3 4 5 6 7 
9 8 1 2 3 4 5 6 7 8 
10 9 1 2 3 4 5 6 7 8 9 
11 10 1 2 3 4 5 6 7 8 9 10 
12 11 1 2 3 4 5 6 7 8 9 10 11 
13 12 1 2 3 4 5 6 7 8 9 10 11 12 
14 13 1 2 3 4 5 6 7 8 9 10 11 12 13 
15 14 1 2 3 4 5 6 7 8 9 10 11 12 13 14 
16 15 1 2 3 4 5 6 7 8 9 10 11 12 13 14 15 
17 16 1 2 3 4 5 6 7 8 9 10 11 12 13 14 15 16 
18 17 1 2 3 4 5 6 7 8 9 10 11 12 13 14 15 16 17 
19 18 1 2 3 4 5 6 7 8 9 10 11 12 13 14 15 16 17 18 
20 19 1 2 3 4 5 6 7 8 9 10 11 12 13 14 15 16 17 18 19 
21 20 1 2 3 4 5 6 7 8 9 10 11 12 13 14 15 16 17 18 19 20 
22 21 1 2 3 4 5 6 7 8 9 10 11 12 13 14 15 16 17 18 19 20 21 
23 22 1 2 3 4 5 6 7 8 9 10 11 12 13 14 15 16 17 18 19 20 21 22 
24 23 1 2 3 4 5 6 7 8 9 10 11 12 13 14 15 16 17 18 19 20 21 22 23 
25 24 1 2 3 4 5 6 7 8 9 10 11 12 13 14 15 16 17 18 19 20 21 22 23 24 
26 25 1 2 3 4 5 6 7 8 9 10 11 12 13 14 15 16 17 18 19 20 21 22 23 24 25 
27 26 1 2 3 4 5 6 7 8 9 10 11 12 13 14 15 16 17 18 19 20 21 22 23 24 25 26 
28 27 1 2 3 4 5 6 7 8 9 10 11 12 13 14 15 16 17 18 19 20 21 22 23 24 25 26 27 
29 28 1 2 3 4 5 6 7 8 9 10 11 12 13 14 15 16 17 18 19 20 21 22 23 24 25 26 27 28 
30 29 1 2 3 4 5 6 7 8 9 10 11 12 13 14 15 16 17 18 19 20 21 22 23 24 25 26 27 28 29 
31 30 1 2 3 4 5 6 7 8 9 10 11 12 13 14 15 16 17 18 19 20 21 22 23 24 25 26 27 28 29 30 
32 31 1 2 3 4 5 6 7 8 9 10 11 12 13 14 15 16 17 18 19 20 21 22 23 24 25 26 27 28 29 30 31 
33 32 1 2 3 4 5 6 7 8 9 10 11 12 13 14 15 16 17 18 19 20 21 22 23 24 25 26 27 28 29 30 31 32 
34 33 1 2 3 4 5 6 7 8 9 10 11 12 13 14 15 16 17 18 19 20 21 22 23 24 25 26 27 28 29 30 31 32 33 
35 34 1 2 3 4 5 6 7 8 9 10 11 12 13 14 15 16 17 18 19 20 21 22 23 24 25 26 27 28 29 30 31 32 33 34 
36 35 1 2 3 4 5 6 7 8 9 10 11 12 13 14 15 16 17 18 19 20 21 22 23 24 25 26 27 28 29 30 31 32 33 34 35 
37 36 1 2 3 4 5 6 7 8 9 10 11 12 13 14 15 16 17 18 19 20 21 22 23 24 25 26 27 28 29 30 31 32 33 34 35 36 
38 37 1 2 3 4 5 6 7 8 9 10 11 12 13 14 15 16 17 18 19 20 21 22 23 24 25 26 27 28 29 30 31 32 33 34 35 36 37 
39 38 1 2 3 4 5 6 7 8 9 10 11 12 13 14 15 16 17 18 19 20 21 22 23 24 25 26 27 28 29 30 31 32 33 34 35 36 37 38 
40 39 1 2 3 4 5 6 7 8 9 10 11 12 13 14 15 16 17 18 19 20 21 22 23 24 25 26 27 28 29 30 31 32 33 34 35 36 37 38 39 
41 40 1 2 3 4 5 6 7 8 9 10 11 12 13 14 15 16 17 18 19 20 21 22 23 24 25 26 27 28 29 30 31 32 33 34 35 36 37 38 39 40 
42 41 1 2 3 4 5 6 7 8 9 10 11 12 13 14 15 16 17 18 19 20 21 22 23 24 25 26 27 28 29 30 31 32 33 34 35 36 37 38 39 40 41 
43 42 1 2 3 4 5 6 7 8 9 10 11 12 13 14 15 16 17 18 19 20 21 22 23 24 25 26 27 28 29 30 31 32 33 34 35 36 37 38 39 40 41 42 
44 43 1 2 3 4 5 6 7 8 9 10 11 12 13 14 15 16 17 18 19 20 21 22 23 24 25 26 27 28 29 30 31 32 33 34 35 36 37 38 39 40 41 42 43 
45 44 1 2 3 4 5 6 7 8 9 10 11 12 13 14 15 16 17 18 19 20 21 22 23 24 25 26 27 28 29 30 31 32 33 34 35 36 37 38 39 40 41 42 43 44 
46 45 1 2 3 4 5 6 7 8 9 10 11 12 13 14 15 16 17 18 19 20 21 22 23 24 25 26 27 28 29 30 31 32 33 34 35 36 37 38 39 40 41 42 43 44 45 
47 46 1 2 3 4 5 6 7 8 9 10 11 12 13 14 15 16 17 18 19 20 21 22 23 24 25 26 27 28 29 30 31 32 33 34 35 36 37 38 39 40 41 42 43 44 45 46 
48 47 1 2 3 4 5 6 7 8 9 10 11 12 13 14 15 16 17 18 19 20 21 22 23 24 25 26 27 28 29 30 31 32 33 34 35 36 37 38 39 40 41 42 43 44 45 46 47 
49 48 1 2 3 4 5 6 7 8 9 10 11 12 13 14 15 16 17 18 19 20 21 22 23 24 25 26 27 28 29 30 31 32 33 34 35 36 37 38 39 40 41 42 43 44 45 46 47 48 
50 49 1 2 3 4 5 6 7 8 9 10 11 12 13 14 15 16 17 18 19 20 21 22 23 24 25 26 27 28 29 30 31 32 33 34 35 36 37 38 39 40 41 42 43 44 45 46 47 48 49 
51 50 1 2 3 4 5 6 7 8 9 10 11 12 13 14 15 16 17 18 19 20 21 22 23 24 25 26 27 28 29 30 31 32 33 34 35 36 37 38 39 40 41 42 43 44 45 46 47 48 49 50 
52 51 1 2 3 4 5 6 7 8 9 10 11 12 13 14 15 16 17 18 19 20 21 22 23 24 25 26 27 28 29 30 31 32 33 34 35 36 37 38 39 40 41 42 43 44 45 46 47 48 49 50 51 
53 52 1 2 3 4 5 6 7 8 9 10 11 12 13 14 15 16 17 18 19 20 21 22 23 24 25 26 27 28 29 30 31 32 33 34 35 36 37 38 39 40 41 42 43 44 45 46 47 48 49 50 51 52 
54 53 1 2 3 4 5 6 7 8 9 10 11 12 13 14 15 16 17 18 19 20 21 22 23 24 25 26 27 28 29 30 31 32 33 34 35 36 37 38 39 40 41 42 43 44 45 46 47 48 49 50 51 52 53 
55 54 1 2 3 4 5 6 7 8 9 10 11 12 13 14 15 16 17 18 19 20 21 22 23 24 25 26 27 28 29 30 31 32 33 34 35 36 37 38 39 40 41 42 43 44 45 46 47 48 49 50 51 52 53 54 
56 55 1 2 3 4 5 6 7 8 9 10 11 12 13 14 15 16 17 18 19 20 21 22 23 24 25 26 27 28 29 30 31 32 33 34 35 36 37 38 39 40 41 42 43 44 45 46 47 48 49 50 51 52 53 54 55 
57 56 1 2 3 4 5 6 7 8 9 10 11 12 13 14 15 16 17 18 19 20 21 22 23 24 25 26 27 28 29 30 31 32 33 34 35 36 37 38 39 40 41 42 43 44 45 46 47 48 49 50 51 52 53 54 55 56 
58 57 1 2 3 4 5 6 7 8 9 10 11 12 13 14 15 16 17 18 19 20 21 22 23 24 25 26 27 28 29 30 31 32 33 34 35 36 37 38 39 40 41 42 43 44 45 46 47 48 49 50 51 52 53 54 55 56 57 

14 13
2 1 1 
3 2 1 2 
4 3 1 2 3 
5 4 1 2 3 4 
6 5 1 2 3 4 5 
7 6 1 2 3 4 5 6 
8 7 1 2 3 4 5 6 7 
9 8 1 2 3 4 5 6 7 8 
10 9 1 2 3 4 5 6 7 8 9 
11 10 1 2 3 4 5 6 7 8 9 10 
12 11 1 2 3 4 5 6 7 8 9 10 11 
13 12 1 2 3 4 5 6 7 8 9 10 11 12 
14 13 1 2 3 4 5 6 7 8 9 10 11 12 13 

48 47
2 1 1 
3 2 1 2 
4 3 1 2 3 
5 4 1 2 3 4 
6 5 1 2 3 4 5 
7 6 1 2 3 4 5 6 
8 7 1 2 3 4 5 6 7 
9 8 1 2 3 4 5 6 7 8 
10 9 1 2 3 4 5 6 7 8 9 
11 10 1 2 3 4 5 6 7 8 9 10 
12 11 1 2 3 4 5 6 7 8 9 10 11 
13 12 1 2 3 4 5 6 7 8 9 10 11 12 
14 13 1 2 3 4 5 6 7 8 9 10 11 12 13 
15 14 1 2 3 4 5 6 7 8 9 10 11 12 13 14 
16 15 1 2 3 4 5 6 7 8 9 10 11 12 13 14 15 
17 16 1 2 3 4 5 6 7 8 9 10 11 12 13 14 15 16 
18 17 1 2 3 4 5 6 7 8 9 10 11 12 13 14 15 16 17 
19 18 1 2 3 4 5 6 7 8 9 10 11 12 13 14 15 16 17 18 
20 19 1 2 3 4 5 6 7 8 9 10 11 12 13 14 15 16 17 18 19 
21 20 1 2 3 4 5 6 7 8 9 10 11 12 13 14 15 16 17 18 19 20 
22 21 1 2 3 4 5 6 7 8 9 10 11 12 13 14 15 16 17 18 19 20 21 
23 22 1 2 3 4 5 6 7 8 9 10 11 12 13 14 15 16 17 18 19 20 21 22 
24 23 1 2 3 4 5 6 7 8 9 10 11 12 13 14 15 16 17 18 19 20 21 22 23 
25 24 1 2 3 4 5 6 7 8 9 10 11 12 13 14 15 16 17 18 19 20 21 22 23 24 
26 25 1 2 3 4 5 6 7 8 9 10 11 12 13 14 15 16 17 18 19 20 21 22 23 24 25 
27 26 1 2 3 4 5 6 7 8 9 10 11 12 13 14 15 16 17 18 19 20 21 22 23 24 25 26 
28 27 1 2 3 4 5 6 7 8 9 10 11 12 13 14 15 16 17 18 19 20 21 22 23 24 25 26 27 
29 28 1 2 3 4 5 6 7 8 9 10 11 12 13 14 15 16 17 18 19 20 21 22 23 24 25 26 27 28 
30 29 1 2 3 4 5 6 7 8 9 10 11 12 13 14 15 16 17 18 19 20 21 22 23 24 25 26 27 28 29 
31 30 1 2 3 4 5 6 7 8 9 10 11 12 13 14 15 16 17 18 19 20 21 22 23 24 25 26 27 28 29 30 
32 31 1 2 3 4 5 6 7 8 9 10 11 12 13 14 15 16 17 18 19 20 21 22 23 24 25 26 27 28 29 30 31 
33 32 1 2 3 4 5 6 7 8 9 10 11 12 13 14 15 16 17 18 19 20 21 22 23 24 25 26 27 28 29 30 31 32 
34 33 1 2 3 4 5 6 7 8 9 10 11 12 13 14 15 16 17 18 19 20 21 22 23 24 25 26 27 28 29 30 31 32 33 
35 34 1 2 3 4 5 6 7 8 9 10 11 12 13 14 15 16 17 18 19 20 21 22 23 24 25 26 27 28 29 30 31 32 33 34 
36 35 1 2 3 4 5 6 7 8 9 10 11 12 13 14 15 16 17 18 19 20 21 22 23 24 25 26 27 28 29 30 31 32 33 34 35 
37 36 1 2 3 4 5 6 7 8 9 10 11 12 13 14 15 16 17 18 19 20 21 22 23 24 25 26 27 28 29 30 31 32 33 34 35 36 
38 37 1 2 3 4 5 6 7 8 9 10 11 12 13 14 15 16 17 18 19 20 21 22 23 24 25 26 27 28 29 30 31 32 33 34 35 36 37 
39 38 1 2 3 4 5 6 7 8 9 10 11 12 13 14 15 16 17 18 19 20 21 22 23 24 25 26 27 28 29 30 31 32 33 34 35 36 37 38 
40 39 1 2 3 4 5 6 7 8 9 10 11 12 13 14 15 16 17 18 19 20 21 22 23 24 25 26 27 28 29 30 31 32 33 34 35 36 37 38 39 
41 40 1 2 3 4 5 6 7 8 9 10 11 12 13 14 15 16 17 18 19 20 21 22 23 24 25 26 27 28 29 30 31 32 33 34 35 36 37 38 39 40 
42 41 1 2 3 4 5 6 7 8 9 10 11 12 13 14 15 16 17 18 19 20 21 22 23 24 25 26 27 28 29 30 31 32 33 34 35 36 37 38 39 40 41 
43 42 1 2 3 4 5 6 7 8 9 10 11 12 13 14 15 16 17 18 19 20 21 22 23 24 25 26 27 28 29 30 31 32 33 34 35 36 37 38 39 40 41 42 
44 43 1 2 3 4 5 6 7 8 9 10 11 12 13 14 15 16 17 18 19 20 21 22 23 24 25 26 27 28 29 30 31 32 33 34 35 36 37 38 39 40 41 42 43 
45 44 1 2 3 4 5 6 7 8 9 10 11 12 13 14 15 16 17 18 19 20 21 22 23 24 25 26 27 28 29 30 31 32 33 34 35 36 37 38 39 40 41 42 43 44 
46 45 1 2 3 4 5 6 7 8 9 10 11 12 13 14 15 16 17 18 19 20 21 22 23 24 25 26 27 28 29 30 31 32 33 34 35 36 37 38 39 40 41 42 43 44 45 
47 46 1 2 3 4 5 6 7 8 9 10 11 12 13 14 15 16 17 18 19 20 21 22 23 24 25 26 27 28 29 30 31 32 33 34 35 36 37 38 39 40 41 42 43 44 45 46 
48 47 1 2 3 4 5 6 7 8 9 10 11 12 13 14 15 16 17 18 19 20 21 22 23 24 25 26 27 28 29 30 31 32 33 34 35 36 37 38 39 40 41 42 43 44 45 46 47 

47 46
2 1 1 
3 2 1 2 
4 3 1 2 3 
5 4 1 2 3 4 
6 5 1 2 3 4 5 
7 6 1 2 3 4 5 6 
8 7 1 2 3 4 5 6 7 
9 8 1 2 3 4 5 6 7 8 
10 9 1 2 3 4 5 6 7 8 9 
11 10 1 2 3 4 5 6 7 8 9 10 
12 11 1 2 3 4 5 6 7 8 9 10 11 
13 12 1 2 3 4 5 6 7 8 9 10 11 12 
14 13 1 2 3 4 5 6 7 8 9 10 11 12 13 
15 14 1 2 3 4 5 6 7 8 9 10 11 12 13 14 
16 15 1 2 3 4 5 6 7 8 9 10 11 12 13 14 15 
17 16 1 2 3 4 5 6 7 8 9 10 11 12 13 14 15 16 
18 17 1 2 3 4 5 6 7 8 9 10 11 12 13 14 15 16 17 
19 18 1 2 3 4 5 6 7 8 9 10 11 12 13 14 15 16 17 18 
20 19 1 2 3 4 5 6 7 8 9 10 11 12 13 14 15 16 17 18 19 
21 20 1 2 3 4 5 6 7 8 9 10 11 12 13 14 15 16 17 18 19 20 
22 21 1 2 3 4 5 6 7 8 9 10 11 12 13 14 15 16 17 18 19 20 21 
23 22 1 2 3 4 5 6 7 8 9 10 11 12 13 14 15 16 17 18 19 20 21 22 
24 23 1 2 3 4 5 6 7 8 9 10 11 12 13 14 15 16 17 18 19 20 21 22 23 
25 24 1 2 3 4 5 6 7 8 9 10 11 12 13 14 15 16 17 18 19 20 21 22 23 24 
26 25 1 2 3 4 5 6 7 8 9 10 11 12 13 14 15 16 17 18 19 20 21 22 23 24 25 
27 26 1 2 3 4 5 6 7 8 9 10 11 12 13 14 15 16 17 18 19 20 21 22 23 24 25 26 
28 27 1 2 3 4 5 6 7 8 9 10 11 12 13 14 15 16 17 18 19 20 21 22 23 24 25 26 27 
29 28 1 2 3 4 5 6 7 8 9 10 11 12 13 14 15 16 17 18 19 20 21 22 23 24 25 26 27 28 
30 29 1 2 3 4 5 6 7 8 9 10 11 12 13 14 15 16 17 18 19 20 21 22 23 24 25 26 27 28 29 
31 30 1 2 3 4 5 6 7 8 9 10 11 12 13 14 15 16 17 18 19 20 21 22 23 24 25 26 27 28 29 30 
32 31 1 2 3 4 5 6 7 8 9 10 11 12 13 14 15 16 17 18 19 20 21 22 23 24 25 26 27 28 29 30 31 
33 32 1 2 3 4 5 6 7 8 9 10 11 12 13 14 15 16 17 18 19 20 21 22 23 24 25 26 27 28 29 30 31 32 
34 33 1 2 3 4 5 6 7 8 9 10 11 12 13 14 15 16 17 18 19 20 21 22 23 24 25 26 27 28 29 30 31 32 33 
35 34 1 2 3 4 5 6 7 8 9 10 11 12 13 14 15 16 17 18 19 20 21 22 23 24 25 26 27 28 29 30 31 32 33 34 
36 35 1 2 3 4 5 6 7 8 9 10 11 12 13 14 15 16 17 18 19 20 21 22 23 24 25 26 27 28 29 30 31 32 33 34 35 
37 36 1 2 3 4 5 6 7 8 9 10 11 12 13 14 15 16 17 18 19 20 21 22 23 24 25 26 27 28 29 30 31 32 33 34 35 36 
38 37 1 2 3 4 5 6 7 8 9 10 11 12 13 14 15 16 17 18 19 20 21 22 23 24 25 26 27 28 29 30 31 32 33 34 35 36 37 
39 38 1 2 3 4 5 6 7 8 9 10 11 12 13 14 15 16 17 18 19 20 21 22 23 24 25 26 27 28 29 30 31 32 33 34 35 36 37 38 
40 39 1 2 3 4 5 6 7 8 9 10 11 12 13 14 15 16 17 18 19 20 21 22 23 24 25 26 27 28 29 30 31 32 33 34 35 36 37 38 39 
41 40 1 2 3 4 5 6 7 8 9 10 11 12 13 14 15 16 17 18 19 20 21 22 23 24 25 26 27 28 29 30 31 32 33 34 35 36 37 38 39 40 
42 41 1 2 3 4 5 6 7 8 9 10 11 12 13 14 15 16 17 18 19 20 21 22 23 24 25 26 27 28 29 30 31 32 33 34 35 36 37 38 39 40 41 
43 42 1 2 3 4 5 6 7 8 9 10 11 12 13 14 15 16 17 18 19 20 21 22 23 24 25 26 27 28 29 30 31 32 33 34 35 36 37 38 39 40 41 42 
44 43 1 2 3 4 5 6 7 8 9 10 11 12 13 14 15 16 17 18 19 20 21 22 23 24 25 26 27 28 29 30 31 32 33 34 35 36 37 38 39 40 41 42 43 
45 44 1 2 3 4 5 6 7 8 9 10 11 12 13 14 15 16 17 18 19 20 21 22 23 24 25 26 27 28 29 30 31 32 33 34 35 36 37 38 39 40 41 42 43 44 
46 45 1 2 3 4 5 6 7 8 9 10 11 12 13 14 15 16 17 18 19 20 21 22 23 24 25 26 27 28 29 30 31 32 33 34 35 36 37 38 39 40 41 42 43 44 45 
47 46 1 2 3 4 5 6 7 8 9 10 11 12 13 14 15 16 17 18 19 20 21 22 23 24 25 26 27 28 29 30 31 32 33 34 35 36 37 38 39 40 41 42 43 44 45 46 
